1.000000 0.000000 0.180000 0.067815 0.000000 0.314815 0.577505 0.641607 0.269203 0.000000 0.208015 0.287234 1.000000 0.089680 24.000000
1.000000 0.000236 0.000000 0.242302 0.000000 0.172840 0.547998 0.782698 0.348962 0.043478 0.104962 0.553191 1.000000 0.204470 21.600000
1.000000 0.000236 0.000000 0.242302 0.000000 0.172840 0.694386 0.599382 0.348962 0.043478 0.104962 0.553191 0.989737 0.063466 34.700000
1.000000 0.000293 0.000000 0.063050 0.000000 0.150206 0.658555 0.441813 0.448545 0.086957 0.066794 0.648936 0.994276 0.033389 33.400000
1.000000 0.000705 0.000000 0.063050 0.000000 0.150206 0.687105 0.528321 0.448545 0.086957 0.066794 0.648936 1.000000 0.099338 36.200000
1.000000 0.000264 0.000000 0.063050 0.000000 0.150206 0.549722 0.574665 0.448545 0.086957 0.066794 0.648936 0.992990 0.096026 28.700000
1.000000 0.000921 0.125000 0.271628 0.000000 0.286008 0.469630 0.656025 0.402923 0.173913 0.236641 0.276596 0.996722 0.295254 22.900000
1.000000 0.001554 0.125000 0.271628 0.000000 0.286008 0.500287 0.959835 0.438387 0.173913 0.236641 0.276596 1.000000 0.480684 27.100000
1.000000 0.002303 0.125000 0.271628 0.000000 0.286008 0.396628 1.000000 0.450354 0.173913 0.236641 0.276596 0.974104 0.778146 16.500000
1.000000 0.001840 0.125000 0.271628 0.000000 0.286008 0.468097 0.854789 0.496731 0.173913 0.236641 0.276596 0.974305 0.424117 18.900000
1.000000 0.002457 0.125000 0.271628 0.000000 0.286008 0.539567 0.941298 0.474416 0.173913 0.236641 0.276596 0.988956 0.516556 15.000000
1.000000 0.001249 0.125000 0.271628 0.000000 0.286008 0.469055 0.823893 0.463503 0.173913 0.236641 0.276596 1.000000 0.318433 18.900000
1.000000 0.000983 0.125000 0.271628 0.000000 0.286008 0.446062 0.371782 0.392956 0.173913 0.236641 0.276596 0.983862 0.385762 21.700000
1.000000 0.007007 0.000000 0.281525 0.000000 0.314815 0.457559 0.606591 0.325355 0.130435 0.229008 0.893617 1.000000 0.180188 20.400000
1.000000 0.007099 0.000000 0.281525 0.000000 0.314815 0.485725 0.840371 0.303022 0.130435 0.229008 0.893617 0.957436 0.235375 18.200000
1.000000 0.006981 0.000000 0.281525 0.000000 0.314815 0.435524 0.552008 0.306359 0.130435 0.229008 0.893617 0.996772 0.185982 19.900000
1.000000 0.011775 0.000000 0.281525 0.000000 0.314815 0.454876 0.271885 0.306359 0.130435 0.229008 0.893617 0.974658 0.133830 23.100000
1.000000 0.008743 0.000000 0.281525 0.000000 0.314815 0.465415 0.811535 0.284471 0.130435 0.229008 0.893617 0.974406 0.357064 17.500000
1.000000 0.008951 0.000000 0.281525 0.000000 0.314815 0.363096 0.347065 0.242514 0.130435 0.229008 0.893617 0.727899 0.274834 20.200000
1.000000 0.008087 0.000000 0.281525 0.000000 0.314815 0.415022 0.685891 0.242514 0.130435 0.229008 0.893617 0.984997 0.263521 18.200000
1.000000 0.013999 0.000000 0.281525 0.000000 0.314815 0.384940 0.980433 0.242641 0.130435 0.229008 0.893617 0.948737 0.532285 13.600000
1.000000 0.009506 0.000000 0.281525 0.000000 0.314815 0.460625 0.888774 0.262138 0.130435 0.229008 0.893617 0.988981 0.333885 19.600000
1.000000 0.013782 0.000000 0.281525 0.000000 0.314815 0.494539 0.914521 0.258918 0.130435 0.229008 0.893617 1.000000 0.468819 15.200000
1.000000 0.011039 0.000000 0.281525 0.000000 0.314815 0.431500 1.000000 0.269676 0.130435 0.229008 0.893617 0.994049 0.500828 14.500000
1.000000 0.008362 0.000000 0.281525 0.000000 0.314815 0.452769 0.939238 0.297357 0.130435 0.229008 0.893617 0.993520 0.402042 15.600000
1.000000 0.009376 0.000000 0.281525 0.000000 0.314815 0.390496 0.852729 0.302358 0.130435 0.229008 0.893617 0.764285 0.407837 13.900000
1.000000 0.007481 0.000000 0.281525 0.000000 0.314815 0.431500 0.900103 0.323036 0.130435 0.229008 0.893617 0.949518 0.360927 16.600000
1.000000 0.010672 0.000000 0.281525 0.000000 0.314815 0.476336 0.884655 0.302249 0.130435 0.229008 0.893617 0.771748 0.429084 14.800000
1.000000 0.008617 0.000000 0.281525 0.000000 0.314815 0.562177 0.942327 0.302367 0.130435 0.229008 0.893617 0.977407 0.305464 18.400000
1.000000 0.011196 0.000000 0.281525 0.000000 0.314815 0.596474 0.869207 0.282752 0.130435 0.229008 0.893617 0.957966 0.282837 21.000000
1.000000 0.012639 0.000000 0.281525 0.000000 0.314815 0.412340 0.939238 0.282207 0.130435 0.229008 0.893617 0.907383 0.575883 12.700000
1.000000 0.015156 0.000000 0.281525 0.000000 0.314815 0.481127 1.000000 0.276933 0.130435 0.229008 0.893617 0.949140 0.312086 14.500000
1.000000 0.015530 0.000000 0.281525 0.000000 0.314815 0.457751 0.814624 0.260110 0.130435 0.229008 0.893617 0.585708 0.716887 13.200000
1.000000 0.012874 0.000000 0.281525 0.000000 0.314815 0.410040 0.948507 0.241668 0.130435 0.229008 0.893617 0.903853 0.458609 13.100000
1.000000 0.018057 0.000000 0.281525 0.000000 0.314815 0.485725 0.968074 0.239176 0.130435 0.229008 0.893617 0.625321 0.513521 13.500000
1.000000 0.000650 0.000000 0.201613 0.000000 0.234568 0.454493 0.672503 0.202848 0.173913 0.175573 0.702128 1.000000 0.219371 18.900000
1.000000 0.001024 0.000000 0.201613 0.000000 0.234568 0.436865 0.602472 0.204449 0.173913 0.175573 0.702128 0.951233 0.267108 20.000000
1.000000 0.000830 0.000000 0.201613 0.000000 0.234568 0.438590 0.397528 0.255036 0.173913 0.175573 0.702128 1.000000 0.194260 21.000000
1.000000 0.001896 0.000000 0.201613 0.000000 0.234568 0.460816 0.281153 0.247133 0.173913 0.175573 0.702128 0.991250 0.231788 24.700000
1.000000 0.000240 0.750000 0.091276 0.000000 0.088477 0.581337 0.194645 0.388428 0.086957 0.124046 0.606383 0.996798 0.071468 30.800000
1.000000 0.000307 0.750000 0.091276 0.000000 0.088477 0.663537 0.132853 0.388428 0.086957 0.124046 0.606383 0.996772 0.006898 34.900000
1.000000 0.001361 0.000000 0.236437 0.000000 0.129630 0.614869 0.000000 0.417509 0.086957 0.087786 0.563830 0.971027 0.085817 26.600000
1.000000 0.001519 0.000000 0.236437 0.000000 0.129630 0.499713 0.038105 0.417509 0.086957 0.087786 0.563830 0.965883 0.112583 25.300000
1.000000 0.001720 0.000000 0.236437 0.000000 0.129630 0.507760 0.037075 0.417509 0.086957 0.087786 0.563830 0.993847 0.157561 24.700000
1.000000 0.001308 0.000000 0.236437 0.000000 0.129630 0.480552 0.382080 0.417509 0.086957 0.087786 0.563830 0.981063 0.215784 21.200000
1.000000 0.001856 0.000000 0.236437 0.000000 0.129630 0.406400 0.318229 0.361084 0.086957 0.087786 0.563830 1.000000 0.233996 19.300000
1.000000 0.002046 0.000000 0.236437 0.000000 0.129630 0.426327 0.313079 0.361084 0.086957 0.087786 0.563830 1.000000 0.342715 20.000000
1.000000 0.002506 0.000000 0.236437 0.000000 0.129630 0.473079 0.850669 0.414644 0.086957 0.087786 0.563830 0.989510 0.471026 16.600000
1.000000 0.002782 0.000000 0.236437 0.000000 0.129630 0.352175 0.951596 0.431067 0.086957 0.087786 0.563830 1.000000 0.802428 14.400000
1.000000 0.002399 0.000000 0.236437 0.000000 0.129630 0.391071 0.608651 0.450863 0.086957 0.087786 0.563830 1.000000 0.399283 19.400000
1.000000 0.000926 0.210000 0.189883 0.000000 0.111111 0.460241 0.440783 0.516973 0.130435 0.106870 0.446809 0.996621 0.323400 19.700000
1.000000 0.000416 0.210000 0.189883 0.000000 0.111111 0.489366 0.618950 0.516973 0.130435 0.106870 0.446809 0.992612 0.212472 20.500000
1.000000 0.000531 0.210000 0.189883 0.000000 0.111111 0.565242 0.187436 0.516973 0.130435 0.106870 0.446809 1.000000 0.097958 25.000000
1.000000 0.000489 0.210000 0.189883 0.000000 0.111111 0.466948 0.190525 0.516973 0.130435 0.106870 0.446809 1.000000 0.184879 23.400000
1.000000 0.000082 0.750000 0.129765 0.000000 0.051440 0.445871 0.460350 0.562895 0.086957 0.538168 0.904255 1.000000 0.360651 18.900000
1.000000 0.000076 0.900000 0.027859 0.000000 0.037037 0.706649 0.195675 0.688103 0.173913 0.074427 0.563830 0.997554 0.084989 35.400000
1.000000 0.000160 0.850000 0.010264 0.000000 0.051440 0.540717 0.337796 0.732752 0.043478 0.240458 0.500000 1.000000 0.111479 24.700000
1.000000 0.000090 1.000000 0.031525 0.000000 0.053498 0.623683 0.387230 0.654293 0.173913 0.131679 0.265957 0.989914 0.061258 31.600000
1.000000 0.001665 0.250000 0.171188 0.000000 0.139918 0.495114 0.270855 0.607917 0.304348 0.185115 0.755319 0.984316 0.141556 23.300000
1.000000 0.001090 0.250000 0.171188 0.000000 0.139918 0.453344 0.456231 0.527640 0.304348 0.185115 0.755319 1.000000 0.206678 19.600000
1.000000 0.001607 0.250000 0.171188 0.000000 0.139918 0.417705 0.651905 0.554320 0.304348 0.185115 0.755319 0.995486 0.315121 18.700000
1.000000 0.001859 0.250000 0.171188 0.000000 0.139918 0.460816 0.932029 0.517319 0.304348 0.185115 0.755319 0.952544 0.350717 16.000000
1.000000 0.001168 0.250000 0.171188 0.000000 0.139918 0.554704 0.668383 0.554329 0.304348 0.185115 0.755319 1.000000 0.137969 22.200000
1.000000 0.001351 0.250000 0.171188 0.000000 0.139918 0.613336 0.417096 0.623021 0.304348 0.185115 0.755319 0.996672 0.214404 25.000000
1.000000 0.000148 0.175000 0.033724 0.000000 0.063992 0.678866 0.582904 0.735962 0.086957 0.055344 0.638298 0.990771 0.174393 33.000000
1.000000 0.000332 0.800000 0.106672 0.000000 0.026749 0.522897 0.153450 0.498495 0.130435 0.286260 0.372340 1.000000 0.081126 23.500000
1.000000 0.000421 0.800000 0.106672 0.000000 0.026749 0.426518 0.290422 0.498495 0.130435 0.286260 0.372340 1.000000 0.234823 19.400000
1.000000 0.000580 0.125000 0.205645 0.000000 0.049383 0.443955 0.190525 0.488174 0.130435 0.301527 0.670213 0.998260 0.175773 22.000000
1.000000 0.001452 0.125000 0.205645 0.000000 0.049383 0.389538 0.349125 0.488174 0.130435 0.301527 0.670213 1.000000 0.313466 17.400000
1.000000 0.001369 0.125000 0.205645 0.000000 0.049383 0.445296 0.309990 0.488174 0.130435 0.301527 0.670213 1.000000 0.194812 20.900000
1.000000 0.000921 0.000000 0.379399 0.000000 0.057613 0.547231 0.038105 0.378079 0.130435 0.225191 0.702128 0.966791 0.137693 24.200000
1.000000 0.001713 0.000000 0.379399 0.000000 0.057613 0.459858 0.150360 0.378079 0.130435 0.225191 0.702128 0.949670 0.224890 21.700000
1.000000 0.000959 0.000000 0.379399 0.000000 0.057613 0.479785 0.050463 0.378079 0.130435 0.225191 0.702128 0.984896 0.104581 22.800000
1.000000 0.002125 0.000000 0.379399 0.000000 0.057613 0.514275 0.033986 0.378079 0.130435 0.225191 0.702128 0.950250 0.160320 23.400000
1.000000 0.000816 0.000000 0.453446 0.000000 0.106996 0.519640 0.031926 0.283889 0.173913 0.402672 0.648936 0.995007 0.139349 24.100000
1.000000 0.000998 0.000000 0.453446 0.000000 0.106996 0.522131 0.433574 0.306723 0.173913 0.402672 0.648936 0.965530 0.198951 21.400000
1.000000 0.001070 0.000000 0.453446 0.000000 0.106996 0.520789 0.737384 0.265766 0.173913 0.402672 0.648936 0.941399 0.282561 20.000000
1.000000 0.000908 0.000000 0.453446 0.000000 0.106996 0.494156 0.441813 0.269249 0.173913 0.402672 0.648936 0.974936 0.235651 20.800000
1.000000 0.000564 0.000000 0.453446 0.000000 0.106996 0.511784 0.523172 0.353236 0.173913 0.402672 0.648936 0.973524 0.292770 21.200000
1.000000 0.000872 0.000000 0.453446 0.000000 0.106996 0.443188 0.347065 0.306723 0.173913 0.402672 0.648936 0.997882 0.203366 20.300000
1.000000 0.000391 0.250000 0.161290 0.000000 0.084362 0.606630 0.315139 0.388391 0.130435 0.179389 0.680851 1.000000 0.098234 28.000000
1.000000 0.000430 0.250000 0.161290 0.000000 0.084362 0.585936 0.695160 0.388391 0.130435 0.179389 0.680851 0.996798 0.151490 23.900000
1.000000 0.000340 0.250000 0.161290 0.000000 0.084362 0.525196 0.301751 0.388391 0.130435 0.179389 0.680851 1.000000 0.137693 24.800000
1.000000 0.000328 0.250000 0.161290 0.000000 0.084362 0.499329 0.451081 0.388391 0.130435 0.179389 0.680851 0.984215 0.159492 22.900000
1.000000 0.000498 0.000000 0.147727 0.000000 0.131687 0.541866 0.464470 0.331894 0.086957 0.114504 0.627660 1.000000 0.217715 23.900000
1.000000 0.000574 0.000000 0.147727 0.000000 0.131687 0.588044 0.547889 0.300821 0.086957 0.114504 0.627660 0.988401 0.132450 26.600000
1.000000 0.000512 0.000000 0.147727 0.000000 0.131687 0.470205 0.434604 0.299866 0.086957 0.114504 0.627660 0.997705 0.307119 22.500000
1.000000 0.000733 0.000000 0.147727 0.000000 0.131687 0.490515 0.555098 0.238067 0.086957 0.114504 0.627660 0.995587 0.185155 22.200000
1.000000 0.000565 0.000000 0.108138 0.000000 0.213992 0.660280 0.858908 0.208431 0.043478 0.158397 0.553191 1.000000 0.104029 23.600000
1.000000 0.000525 0.000000 0.108138 0.000000 0.213992 0.674075 0.619979 0.207777 0.043478 0.158397 0.553191 0.997882 0.109547 28.700000
1.000000 0.000455 0.000000 0.108138 0.000000 0.213992 0.547231 0.650875 0.178478 0.043478 0.158397 0.553191 0.988098 0.195364 22.600000
1.000000 0.000371 0.000000 0.108138 0.000000 0.213992 0.544932 0.731205 0.178459 0.043478 0.158397 0.553191 0.991553 0.178532 22.000000
1.000000 0.000401 0.280000 0.534457 0.000000 0.162551 0.552021 0.522142 0.230638 0.130435 0.158397 0.595745 0.995234 0.177428 22.900000
1.000000 0.000252 0.280000 0.534457 0.000000 0.162551 0.507760 0.267765 0.230638 0.130435 0.158397 0.595745 0.998563 0.123620 25.000000
1.000000 0.000412 0.280000 0.534457 0.000000 0.162551 0.515041 0.766220 0.226009 0.130435 0.158397 0.595745 1.000000 0.244481 20.600000
1.000000 0.001301 0.000000 0.089076 0.000000 0.123457 0.587086 0.565396 0.215115 0.043478 0.169847 0.574468 0.901861 0.135762 28.400000
1.000000 0.001222 0.000000 0.089076 0.000000 0.123457 0.498563 0.686921 0.215115 0.043478 0.169847 0.574468 0.987216 0.265177 21.400000
1.000000 0.001287 0.000000 0.089076 0.000000 0.123457 0.863767 0.752832 0.215115 0.043478 0.169847 0.574468 1.000000 0.068433 38.700000
1.000000 0.000849 0.000000 0.089076 0.000000 0.123457 0.816057 0.350154 0.215115 0.043478 0.169847 0.574468 0.991502 0.050773 43.800000
1.000000 0.000700 0.000000 0.089076 0.000000 0.123457 0.738647 0.613800 0.215115 0.043478 0.169847 0.574468 1.000000 0.123068 33.200000
1.000000 0.001600 0.000000 0.296921 0.000000 0.277778 0.606630 0.792997 0.149879 0.173913 0.375954 0.882979 0.994604 0.212196 27.500000
1.000000 0.001214 0.000000 0.296921 0.000000 0.277778 0.616976 0.704428 0.156999 0.173913 0.375954 0.882979 0.996672 0.163907 26.500000
1.000000 0.002500 0.000000 0.296921 0.000000 0.277778 0.544932 0.849640 0.144141 0.173913 0.375954 0.882979 0.177720 0.245585 18.600000
1.000000 0.002307 0.000000 0.296921 0.000000 0.277778 0.493581 0.870237 0.144141 0.173913 0.375954 0.882979 0.993873 0.323124 19.300000
1.000000 0.001498 0.000000 0.296921 0.000000 0.277778 0.499329 0.897013 0.117433 0.173913 0.375954 0.882979 0.989384 0.292494 20.100000
1.000000 0.001420 0.000000 0.296921 0.000000 0.277778 0.438781 0.966014 0.088870 0.173913 0.375954 0.882979 0.992814 0.406733 19.500000
1.000000 0.001853 0.000000 0.296921 0.000000 0.277778 0.435907 0.916581 0.098337 0.173913 0.375954 0.882979 0.996898 0.467163 19.500000
1.000000 0.001403 0.000000 0.296921 0.000000 0.277778 0.491665 0.847580 0.090280 0.173913 0.375954 0.882979 0.976776 0.341060 20.400000
1.000000 0.001368 0.000000 0.296921 0.000000 0.277778 0.558153 0.970134 0.118515 0.173913 0.375954 0.882979 0.995814 0.290839 19.800000
1.000000 0.002892 0.000000 0.296921 0.000000 0.277778 0.511209 0.909372 0.128718 0.173913 0.375954 0.882979 0.985703 0.381347 19.400000
1.000000 0.001142 0.000000 0.296921 0.000000 0.277778 0.504694 0.530381 0.149879 0.173913 0.375954 0.882979 0.991401 0.310982 21.700000
1.000000 0.001062 0.000000 0.350073 0.000000 0.333333 0.604330 0.810505 0.140758 0.217391 0.467557 0.553191 0.996697 0.232616 22.800000
1.000000 0.001315 0.000000 0.350073 0.000000 0.333333 0.450661 0.926880 0.111286 0.217391 0.467557 0.553191 0.995083 0.399558 18.800000
1.000000 0.002426 0.000000 0.350073 0.000000 0.333333 0.484959 0.952626 0.128982 0.217391 0.467557 0.553191 1.000000 0.423841 18.700000
1.000000 0.001528 0.000000 0.350073 0.000000 0.333333 0.515999 0.837281 0.102474 0.217391 0.467557 0.553191 0.979424 0.240618 18.500000
1.000000 0.001855 0.000000 0.350073 0.000000 0.333333 0.453535 0.878476 0.121261 0.217391 0.467557 0.553191 0.868904 0.387141 18.300000
1.000000 0.001408 0.000000 0.350073 0.000000 0.333333 0.501054 0.716787 0.145541 0.217391 0.467557 0.553191 0.990922 0.284492 21.200000
1.000000 0.001626 0.000000 0.350073 0.000000 0.333333 0.471355 0.820803 0.147114 0.217391 0.467557 0.553191 0.993973 0.236479 19.200000
1.000000 0.001397 0.000000 0.350073 0.000000 0.333333 0.442805 0.722966 0.122571 0.217391 0.467557 0.553191 0.853069 0.376380 20.400000
1.000000 0.001556 0.000000 0.350073 0.000000 0.333333 0.415788 0.641607 0.148187 0.217391 0.467557 0.553191 0.986384 0.327815 19.300000
1.000000 0.000704 0.000000 0.923387 0.000000 0.403292 0.442422 0.687951 0.102583 0.043478 0.001908 0.691489 0.980458 0.348786 22.000000
1.000000 0.000734 0.000000 0.923387 0.000000 0.403292 0.468097 0.836251 0.097100 0.043478 0.001908 0.691489 0.951510 0.346026 20.300000
1.000000 0.000974 0.000000 0.923387 0.000000 0.403292 0.459858 0.926880 0.087052 0.043478 0.001908 0.691489 0.952569 0.447020 20.500000
1.000000 0.001619 0.000000 0.923387 0.000000 0.403292 0.439739 0.969104 0.074094 0.043478 0.001908 0.691489 0.932952 0.653422 17.300000
1.000000 0.001036 0.000000 0.923387 0.000000 0.403292 0.444146 0.956746 0.079722 0.043478 0.001908 0.691489 0.955822 0.437362 18.800000
1.000000 0.001829 0.000000 0.923387 0.000000 0.403292 0.464648 0.880536 0.078504 0.043478 0.001908 0.691489 0.970044 0.360927 21.400000
1.000000 0.004283 0.000000 0.923387 0.000000 0.403292 0.393179 0.954686 0.057071 0.043478 0.001908 0.691489 0.905164 0.704470 15.700000
1.000000 0.002842 0.000000 0.785557 0.000000 0.491770 0.408507 0.958805 0.059899 0.130435 0.477099 0.914894 0.987922 0.426600 16.200000
1.000000 0.003587 0.000000 0.785557 0.000000 0.491770 0.549914 0.987642 0.062099 0.130435 0.477099 0.914894 1.000000 0.376932 18.000000
1.000000 0.009834 0.000000 0.785557 0.000000 0.491770 0.397777 0.945417 0.077322 0.130435 0.477099 0.914894 1.000000 0.458333 14.300000
1.000000 0.003751 0.000000 0.785557 0.000000 0.491770 0.555087 0.988671 0.089925 0.130435 0.477099 0.914894 0.995310 0.299945 19.200000
1.000000 0.013337 0.000000 0.785557 0.000000 0.491770 0.529795 0.976313 0.103793 0.130435 0.477099 0.914894 1.000000 0.290563 19.600000
1.000000 0.006561 0.000000 0.785557 0.000000 0.491770 0.538609 0.978373 0.108922 0.130435 0.477099 0.914894 0.971910 0.259106 23.000000
1.000000 0.003636 0.000000 0.785557 0.000000 0.491770 0.433225 0.952626 0.121880 0.130435 0.477099 0.914894 0.979298 0.366998 18.400000
1.000000 0.010901 0.000000 0.785557 0.000000 0.491770 0.420770 0.983522 0.110613 0.130435 0.477099 0.914894 0.661758 0.429912 15.600000
1.000000 0.006198 0.000000 0.785557 0.000000 0.491770 0.531519 0.981462 0.089216 0.130435 0.477099 0.914894 0.994377 0.420254 18.100000
1.000000 0.003555 0.000000 0.785557 0.000000 0.491770 0.456218 0.933059 0.076140 0.130435 0.477099 0.914894 0.952973 0.418598 17.400000
1.000000 0.003889 0.000000 0.785557 0.000000 0.491770 0.554321 0.983522 0.065491 0.130435 0.477099 0.914894 0.992889 0.354857 17.100000
1.000000 0.002737 0.000000 0.785557 0.000000 0.491770 0.439931 0.981462 0.049014 0.130435 0.477099 0.914894 0.987745 0.540563 13.300000
1.000000 0.006049 0.000000 0.785557 0.000000 0.491770 0.496264 0.978373 0.049023 0.130435 0.477099 0.914894 1.000000 0.461645 17.800000
1.000000 0.003199 0.000000 0.785557 0.000000 0.491770 0.500671 0.934089 0.043858 0.130435 0.477099 0.914894 0.977760 0.618929 14.000000
1.000000 0.018234 0.000000 0.785557 0.000000 0.491770 0.279364 1.000000 0.028172 0.130435 0.477099 0.914894 1.000000 0.901766 14.400000
1.000000 0.037257 0.000000 0.700880 1.000000 1.000000 0.352941 1.000000 0.017459 0.173913 0.412214 0.223404 1.000000 0.692329 13.400000
1.000000 0.045983 0.000000 0.700880 0.000000 1.000000 0.365396 1.000000 0.025662 0.173913 0.412214 0.223404 1.000000 0.681291 15.600000
1.000000 0.031173 0.000000 0.700880 0.000000 1.000000 0.257137 0.977343 0.019669 0.173913 0.412214 0.223404 1.000000 0.760486 11.800000
1.000000 0.026672 0.000000 0.700880 0.000000 1.000000 0.492240 1.000000 0.026326 0.173913 0.412214 0.223404 0.435196 0.719371 13.800000
1.000000 0.024151 0.000000 0.700880 0.000000 1.000000 0.396053 1.000000 0.035192 0.173913 0.412214 0.223404 0.426017 0.411700 15.600000
1.000000 0.026552 0.000000 0.700880 0.000000 1.000000 0.261544 0.955716 0.030118 0.173913 0.412214 0.223404 0.986913 0.767108 14.600000
1.000000 0.026129 0.000000 0.700880 0.000000 1.000000 0.311362 0.936148 0.036374 0.173913 0.412214 0.223404 0.899365 0.733720 17.800000
1.000000 0.030658 0.000000 0.700880 0.000000 1.000000 0.390113 0.947477 0.036019 0.173913 0.412214 0.223404 0.886404 0.544150 15.400000
1.000000 0.018549 0.000000 0.700880 0.000000 1.000000 0.490707 0.972194 0.044413 0.173913 0.412214 0.223404 0.939230 0.341336 21.500000
1.000000 0.016747 0.000000 0.700880 0.000000 1.000000 0.353133 1.000000 0.042012 0.173913 0.412214 0.223404 0.860558 0.318709 19.600000
1.000000 0.012591 0.000000 0.700880 1.000000 1.000000 0.278023 0.876416 0.043703 0.173913 0.412214 0.223404 0.864794 0.286700 15.300000
1.000000 0.024085 0.000000 0.700880 0.000000 1.000000 0.411573 0.984552 0.044885 0.173913 0.412214 0.223404 0.659716 0.387969 19.400000
1.000000 0.015820 0.000000 0.700880 1.000000 1.000000 0.492048 0.958805 0.056361 0.173913 0.412214 0.223404 0.808664 0.369481 17.000000
1.000000 0.039662 0.000000 0.700880 1.000000 1.000000 0.496455 0.820803 0.056007 0.173913 0.412214 0.223404 0.221116 0.366722 15.600000
1.000000 0.027429 0.000000 0.700880 0.000000 1.000000 0.327841 0.938208 0.055179 0.173913 0.412214 0.223404 0.222679 0.397627 13.100000
1.000000 0.013682 0.000000 0.700880 0.000000 0.452675 0.648017 0.973223 0.067992 0.173913 0.412214 0.223404 0.915603 0.078918 41.300000
1.000000 0.015022 0.000000 0.700880 0.000000 0.452675 0.479977 1.000000 0.057080 0.173913 0.412214 0.223404 0.891548 0.129691 24.300000
1.000000 0.015946 0.000000 0.700880 0.000000 1.000000 0.565051 1.000000 0.057862 0.173913 0.412214 0.223404 0.917822 0.156181 23.300000
1.000000 0.014242 0.000000 0.700880 1.000000 0.452675 0.515233 0.923790 0.060817 0.173913 0.412214 0.223404 0.853800 0.104029 27.000000
1.000000 0.016377 0.000000 0.700880 0.000000 0.452675 0.752635 0.905252 0.076503 0.173913 0.412214 0.223404 0.943341 0.000000 50.000000
1.000000 0.020540 0.000000 0.700880 1.000000 0.452675 0.812608 0.981462 0.082851 0.173913 0.412214 0.223404 0.981618 0.005243 50.000000
1.000000 0.017002 0.000000 0.700880 1.000000 0.452675 0.922399 0.937178 0.093881 0.173913 0.412214 0.223404 0.978693 0.043874 50.000000
1.000000 0.025133 0.000000 0.700880 0.000000 0.452675 0.439356 0.915551 0.117524 0.173913 0.412214 0.223404 0.995486 0.273455 22.700000
1.000000 0.032794 0.000000 0.700880 0.000000 0.452675 0.486683 0.927909 0.104920 0.173913 0.412214 0.223404 0.604771 0.222958 25.000000
1.000000 0.022523 0.000000 0.700880 0.000000 0.452675 0.836942 0.960865 0.083323 0.173913 0.412214 0.223404 0.930405 0.054360 50.000000
1.000000 0.020164 0.000000 0.700880 0.000000 0.452675 0.443763 0.785788 0.117879 0.173913 0.412214 0.223404 0.573125 0.287252 23.800000
1.000000 0.025785 0.000000 0.700880 0.000000 0.452675 0.528454 0.959835 0.088243 0.173913 0.412214 0.223404 0.748323 0.258554 23.800000
1.000000 0.027461 0.000000 0.700880 0.000000 0.452675 0.544357 0.950566 0.103020 0.173913 0.412214 0.223404 0.831409 0.264625 22.300000
1.000000 0.013500 0.000000 0.700880 0.000000 0.452675 0.443380 0.944387 0.117879 0.173913 0.412214 0.223404 0.736220 0.350442 17.400000
1.000000 0.025937 0.000000 0.700880 0.000000 0.452675 0.444338 0.972194 0.114496 0.173913 0.412214 0.223404 0.877024 0.284216 19.100000
1.000000 0.001493 0.000000 0.131598 0.000000 0.257202 0.385323 0.881565 0.133356 0.173913 0.208015 0.425532 1.000000 0.357616 23.100000
1.000000 0.000961 0.000000 0.131598 0.000000 0.257202 0.547040 0.836251 0.137921 0.173913 0.208015 0.425532 0.996470 0.201711 23.600000
1.000000 0.000878 0.000000 0.131598 0.000000 0.257202 0.440314 0.677652 0.142977 0.173913 0.208015 0.425532 0.990746 0.218267 22.600000
1.000000 0.000678 0.000000 0.131598 0.000000 0.257202 0.571949 0.311020 0.182115 0.173913 0.208015 0.425532 0.985022 0.099338 29.400000
1.000000 0.000718 0.000000 0.131598 0.000000 0.257202 0.471163 0.456231 0.220544 0.173913 0.208015 0.425532 0.990746 0.231236 23.200000
1.000000 0.000539 0.000000 0.131598 0.000000 0.257202 0.527687 0.726056 0.198956 0.173913 0.208015 0.425532 0.996722 0.125828 24.600000
1.000000 0.000676 0.000000 0.131598 0.000000 0.257202 0.632113 0.736354 0.162382 0.173913 0.208015 0.425532 0.985804 0.143212 29.900000
1.000000 0.000579 0.000000 0.073314 0.000000 0.211934 0.655106 0.571576 0.154534 0.086957 0.011450 0.553191 1.000000 0.091336 37.200000
1.000000 0.000669 0.000000 0.073314 0.000000 0.211934 0.805518 0.828012 0.146532 0.086957 0.011450 0.553191 0.996621 0.160872 39.800000
1.000000 0.000703 0.000000 0.073314 0.000000 0.211934 0.494922 0.610711 0.133519 0.086957 0.011450 0.553191 1.000000 0.213024 36.200000
1.000000 0.000952 0.000000 0.073314 0.000000 0.211934 0.688638 0.919670 0.142858 0.086957 0.011450 0.553191 0.992990 0.085265 37.900000
1.000000 0.001054 0.000000 0.073314 0.000000 0.211934 0.575206 0.954686 0.156171 0.086957 0.011450 0.553191 1.000000 0.108996 32.500000
1.000000 0.000863 0.000000 0.073314 0.000000 0.211934 0.391454 0.894954 0.168984 0.086957 0.011450 0.553191 0.985123 0.338024 26.400000
1.000000 0.000609 0.000000 0.073314 0.000000 0.211934 0.496647 0.678682 0.195519 0.086957 0.011450 0.553191 0.975314 0.315121 29.600000
1.000000 0.000559 0.000000 0.073314 0.000000 0.211934 0.818164 0.522142 0.188198 0.086957 0.011450 0.553191 0.989233 0.075055 50.000000
1.000000 0.000814 0.450000 0.109238 0.000000 0.106996 0.617168 0.393409 0.241795 0.173913 0.402672 0.276596 0.992360 0.136589 32.000000
1.000000 0.001343 0.450000 0.109238 0.000000 0.106996 0.573865 0.269825 0.312552 0.173913 0.402672 0.276596 0.964547 0.078091 29.800000
1.000000 0.000870 0.450000 0.109238 0.000000 0.106996 0.694386 0.370752 0.312552 0.173913 0.402672 0.276596 1.000000 0.100993 34.900000
1.000000 0.000948 0.450000 0.109238 0.000000 0.106996 0.649550 0.191555 0.486519 0.173913 0.402672 0.276596 0.951536 0.092991 37.000000
1.000000 0.000706 0.450000 0.109238 0.000000 0.106996 0.608929 0.287333 0.486519 0.173913 0.402672 0.276596 0.981870 0.081678 30.500000
1.000000 0.000903 0.450000 0.109238 0.000000 0.106996 0.693045 0.240989 0.486519 0.173913 0.402672 0.276596 0.983837 0.031457 36.400000
1.000000 0.000175 0.600000 0.090543 0.000000 0.032922 0.620617 0.072091 0.462858 0.000000 0.148855 0.319149 0.991099 0.091060 31.100000
1.000000 0.000091 0.600000 0.090543 0.000000 0.032922 0.583062 0.163749 0.462858 0.000000 0.148855 0.319149 0.949065 0.073124 29.100000
1.000000 0.000084 0.800000 0.000000 0.000000 0.076132 0.826595 0.299691 0.410916 0.130435 0.129771 0.191489 0.993267 0.034216 50.000000
1.000000 0.000380 0.800000 0.038856 0.000000 0.039095 0.713930 0.321318 0.561922 0.043478 0.270992 0.000000 1.000000 0.064845 33.300000
1.000000 0.000453 0.800000 0.038856 0.000000 0.039095 0.679441 0.347065 0.561922 0.043478 0.270992 0.000000 0.892607 0.189845 30.300000
1.000000 0.000352 0.800000 0.038856 0.000000 0.039095 0.711439 0.364573 0.561922 0.043478 0.270992 0.000000 0.988149 0.134934 34.600000
1.000000 0.000283 0.950000 0.037023 0.000000 0.037037 0.654148 0.127703 0.593240 0.086957 0.410305 0.468085 1.000000 0.078091 34.900000
1.000000 0.000129 0.950000 0.037023 0.000000 0.037037 0.684806 0.113285 0.593240 0.086957 0.410305 0.468085 0.968228 0.075055 32.900000
1.000000 0.000316 0.825000 0.057551 0.000000 0.061728 0.498371 0.365602 0.467441 0.043478 0.307252 0.223404 0.992108 0.157285 24.100000
1.000000 0.000174 0.825000 0.057551 0.000000 0.061728 0.775819 0.131823 0.467441 0.043478 0.307252 0.223404 0.996167 0.038079 42.300000
1.000000 0.000549 0.330000 0.063050 0.000000 0.179012 0.704158 0.393409 0.263020 0.260870 0.066794 0.617021 0.991881 0.143488 36.100000
1.000000 0.000545 0.330000 0.063050 0.000000 0.179012 0.585361 0.568486 0.203730 0.260870 0.066794 0.617021 0.991074 0.198675 28.400000
1.000000 0.000772 0.330000 0.063050 0.000000 0.179012 0.739414 0.710608 0.179105 0.260870 0.066794 0.617021 1.000000 0.130795 33.400000
1.000000 0.000483 0.330000 0.063050 0.000000 0.179012 0.630006 0.694130 0.186698 0.260870 0.066794 0.617021 1.000000 0.160044 28.200000
1.000000 0.005470 0.000000 0.346041 0.000000 0.327160 0.589002 0.819773 0.198956 0.130435 0.223282 0.617021 1.000000 0.077539 22.800000
1.000000 0.003856 0.000000 0.346041 0.000000 0.327160 0.461966 0.760041 0.179405 0.130435 0.223282 0.617021 0.998336 0.227373 20.300000
1.000000 0.029551 0.000000 0.346041 0.000000 0.327160 0.270550 0.359423 0.126381 0.130435 0.223282 0.617021 0.882874 0.301049 16.100000
1.000000 0.008813 0.000000 0.346041 0.000000 0.327160 0.490707 0.513903 0.137375 0.130435 0.223282 0.617021 1.000000 0.117274 22.100000
1.000000 0.002870 0.000000 0.346041 0.000000 0.327160 0.471738 0.901133 0.154989 0.130435 0.223282 0.617021 0.998487 0.275662 19.400000
1.000000 0.002957 0.000000 0.346041 0.000000 0.327160 0.518299 0.822863 0.193982 0.130435 0.223282 0.617021 0.991149 0.170254 21.600000
1.000000 0.004079 0.000000 0.346041 0.000000 0.327160 0.575972 0.869207 0.224854 0.130435 0.223282 0.617021 0.996949 0.208333 23.800000
1.000000 0.002779 0.000000 0.346041 0.000000 0.327160 0.410807 0.770340 0.256018 0.130435 0.223282 0.617021 0.998790 0.269592 16.200000
1.000000 0.003506 0.000000 0.346041 0.000000 0.327160 0.450853 0.826982 0.260892 0.130435 0.223282 0.617021 0.984366 0.458057 17.800000
1.000000 0.002685 0.000000 0.346041 0.000000 0.327160 0.425560 0.708548 0.263902 0.130435 0.223282 0.617021 1.000000 0.392108 19.800000
1.000000 0.004448 0.000000 0.346041 0.000000 0.327160 0.540525 0.662204 0.218507 0.130435 0.223282 0.617021 0.995739 0.238135 23.100000
1.000000 0.005273 0.000000 0.346041 0.000000 0.327160 0.488983 0.575695 0.261192 0.130435 0.223282 0.617021 0.998311 0.303532 21.000000
1.000000 0.001813 0.000000 0.253666 0.000000 0.222222 0.548956 0.508754 0.310160 0.173913 0.190840 0.744681 1.000000 0.150938 23.800000
1.000000 0.001970 0.000000 0.253666 0.000000 0.222222 0.539375 0.529351 0.310160 0.173913 0.190840 0.744681 1.000000 0.141832 23.100000
1.000000 0.003876 0.000000 0.253666 0.000000 0.222222 0.475187 0.484037 0.326592 0.173913 0.190840 0.744681 1.000000 0.164735 20.400000
1.000000 0.003120 0.000000 0.253666 0.000000 0.222222 0.411381 0.735324 0.326592 0.173913 0.190840 0.744681 0.985451 0.276214 18.500000
1.000000 0.003763 0.000000 0.253666 0.000000 0.222222 0.546848 0.383110 0.326592 0.173913 0.190840 0.744681 1.000000 0.121137 25.000000
1.000000 0.002085 0.000000 0.253666 0.000000 0.222222 0.549914 0.121524 0.389773 0.173913 0.190840 0.744681 0.991881 0.092439 24.600000
1.000000 0.003340 0.000000 0.253666 0.000000 0.222222 0.527112 0.267765 0.389773 0.173913 0.190840 0.744681 1.000000 0.121965 23.000000
1.000000 0.002638 0.000000 0.253666 0.000000 0.222222 0.483234 0.420185 0.389773 0.173913 0.190840 0.744681 1.000000 0.305188 22.200000
1.000000 0.000673 0.000000 0.101906 0.000000 0.154321 0.442039 0.235839 0.371468 0.130435 0.463740 0.457447 0.963538 0.227373 19.300000
1.000000 0.000685 0.000000 0.101906 0.000000 0.154321 0.531136 0.147271 0.371468 0.130435 0.463740 0.457447 0.945307 0.154801 22.600000
1.000000 0.000440 0.000000 0.101906 0.000000 0.154321 0.494922 0.301751 0.431394 0.130435 0.463740 0.457447 0.928564 0.203091 19.800000
1.000000 0.000494 0.350000 0.205279 0.000000 0.108848 0.410998 0.262616 0.501150 0.000000 0.223282 0.457447 0.992738 0.295254 17.100000
1.000000 0.000319 0.350000 0.205279 0.000000 0.108848 0.473271 0.210093 0.501150 0.000000 0.223282 0.457447 0.912628 0.168322 19.400000
1.000000 0.000500 0.000000 0.173387 0.000000 0.267490 0.527879 0.362513 0.484573 0.173913 0.070611 0.808511 0.981870 0.108996 22.200000
1.000000 0.000349 0.000000 0.173387 0.000000 0.267490 0.526729 0.366632 0.484573 0.173913 0.070611 0.808511 0.981088 0.138521 20.700000
1.000000 0.000374 0.000000 0.173387 0.000000 0.267490 0.474420 0.325438 0.441552 0.173913 0.070611 0.808511 1.000000 0.173289 21.100000
1.000000 0.000314 0.000000 0.173387 0.000000 0.267490 0.442230 0.446962 0.372969 0.173913 0.070611 0.808511 1.000000 0.222682 19.500000
1.000000 0.000271 0.000000 0.173387 0.000000 0.267490 0.447212 0.583934 0.407879 0.173913 0.070611 0.808511 0.994730 0.243653 18.500000
1.000000 0.000301 0.000000 0.173387 0.000000 0.267490 0.478636 0.354274 0.334876 0.173913 0.070611 0.808511 0.998084 0.187086 20.600000
1.000000 0.000547 0.000000 0.173387 0.000000 0.267490 0.464457 0.437693 0.334876 0.173913 0.070611 0.808511 1.000000 0.221026 19.000000
1.000000 0.000620 0.000000 0.173387 0.000000 0.267490 0.461199 0.572606 0.334876 0.173913 0.070611 0.808511 1.000000 0.208609 18.700000
1.000000 0.000075 0.350000 0.038856 0.000000 0.117284 0.705116 0.477858 0.537270 0.000000 0.185115 0.308511 0.994553 0.103753 32.700000
1.000000 0.000210 0.000000 0.052419 0.000000 0.273663 0.570799 0.584964 0.467159 0.000000 0.448473 0.351064 0.982500 0.190949 16.500000
1.000000 0.000215 0.550000 0.121701 0.000000 0.203704 0.600690 0.550978 0.418527 0.173913 0.349237 0.531915 1.000000 0.150386 23.900000
1.000000 0.000272 0.550000 0.121701 0.000000 0.203704 0.634796 0.259526 0.485209 0.173913 0.349237 0.531915 0.977482 0.079470 31.200000
1.000000 0.000279 0.000000 0.144062 0.000000 0.117284 0.470013 0.469619 0.625995 0.086957 0.314885 0.659574 0.971607 0.242826 17.500000
1.000000 0.000622 0.000000 0.144062 0.000000 0.117284 0.447787 0.508754 0.625995 0.086957 0.314885 0.659574 0.918579 0.301876 17.200000
1.000000 0.000139 0.850000 0.135264 0.000000 0.090535 0.566200 0.255407 0.673435 0.130435 0.312977 0.563830 0.988729 0.127759 23.100000
1.000000 0.000098 0.800000 0.056818 0.000000 0.102881 0.589002 0.276004 0.656039 0.130435 0.177481 0.468085 0.984972 0.117550 24.500000
1.000000 0.000255 0.400000 0.028959 0.000000 0.090535 0.647250 0.325438 0.696787 0.000000 0.282443 0.755319 0.982223 0.114790 26.600000
1.000000 0.000627 0.400000 0.028959 0.000000 0.090535 0.561219 0.427394 0.696787 0.000000 0.282443 0.755319 1.000000 0.117274 22.900000
1.000000 0.000823 0.600000 0.045088 0.000000 0.053498 0.578272 0.339856 0.871218 0.130435 0.427481 0.606383 0.934137 0.103753 24.100000
1.000000 0.000743 0.600000 0.045088 0.000000 0.053498 0.445104 0.160659 0.871218 0.130435 0.427481 0.606383 0.988476 0.167219 18.600000
1.000000 0.000121 0.900000 0.057185 0.000000 0.051440 0.606821 0.341916 1.000000 0.173913 0.000000 0.468085 0.968632 0.076435 30.100000
1.000000 0.000412 0.800000 0.053152 0.000000 0.057613 0.402759 0.195675 0.859888 0.130435 0.280534 1.000000 0.964446 0.174393 18.200000
1.000000 0.001127 0.800000 0.053152 0.000000 0.057613 0.455068 0.170958 0.859888 0.130435 0.280534 1.000000 0.947400 0.105960 20.600000
1.000000 0.100895 0.000000 0.646628 1.000000 0.792181 0.507952 0.973223 0.090262 1.000000 0.914122 0.808511 0.951662 0.437914 17.800000
1.000000 0.043199 0.000000 0.646628 1.000000 0.792181 0.543016 0.907312 0.125090 1.000000 0.914122 0.808511 0.985980 0.318433 21.700000
1.000000 0.058396 0.000000 0.646628 1.000000 0.792181 0.491665 0.829042 0.144868 1.000000 0.914122 0.808511 0.996293 0.269040 22.700000
1.000000 0.047825 0.000000 0.646628 0.000000 0.792181 0.488791 0.807415 0.125444 1.000000 0.914122 0.808511 0.984467 0.301876 22.600000
1.000000 0.050979 0.000000 0.646628 0.000000 0.792181 0.543591 0.876416 0.126272 1.000000 0.914122 0.808511 0.943668 0.167219 25.000000
1.000000 0.043054 0.000000 0.646628 0.000000 0.792181 0.515424 0.908342 0.106021 1.000000 0.914122 0.808511 0.883378 0.343819 19.900000
1.000000 0.041271 0.000000 0.646628 0.000000 0.792181 0.345085 0.960865 0.088570 1.000000 0.914122 0.808511 0.959378 0.233444 20.800000
1.000000 0.047388 0.000000 0.646628 1.000000 0.792181 0.429584 0.886715 0.070483 1.000000 0.914122 0.808511 0.889404 0.356236 16.800000
1.000000 0.038979 0.000000 0.646628 1.000000 0.685185 1.000000 0.823893 0.070483 1.000000 0.914122 0.808511 0.893212 0.098234 21.900000
1.000000 0.051136 0.000000 0.646628 0.000000 0.685185 0.000000 0.875386 0.043976 1.000000 0.914122 0.808511 0.893590 0.148731 27.500000
1.000000 0.041482 0.000000 0.646628 0.000000 0.685185 0.268634 0.911432 0.056625 1.000000 0.914122 0.808511 0.796081 0.338576 21.900000
1.000000 0.151915 0.000000 0.646628 0.000000 0.506173 0.057865 1.000000 0.034646 1.000000 0.914122 0.808511 0.330576 0.320088 23.100000
1.000000 0.054984 0.000000 0.646628 0.000000 0.506173 0.269975 1.000000 0.018451 1.000000 0.914122 0.808511 0.946089 0.042219 50.000000
1.000000 0.063658 0.000000 0.646628 1.000000 0.506173 0.598199 0.967044 0.020651 1.000000 0.914122 0.808511 0.945610 0.055188 50.000000
1.000000 0.073423 0.000000 0.646628 1.000000 0.506173 0.662004 0.974253 0.006620 1.000000 0.914122 0.808511 0.987770 0.033940 50.000000
1.000000 0.103698 0.000000 0.646628 0.000000 0.506173 0.508718 1.000000 0.003592 1.000000 0.914122 0.808511 0.922462 0.215232 50.000000
1.000000 0.092851 0.000000 0.646628 1.000000 0.582305 0.443380 0.892894 0.000000 1.000000 0.914122 0.808511 0.876393 0.197296 50.000000
1.000000 0.124781 0.000000 0.646628 0.000000 0.582305 0.257712 1.000000 0.004056 1.000000 0.914122 0.808511 1.000000 0.911700 13.800000
1.000000 0.207844 0.000000 0.646628 0.000000 0.582305 0.110558 1.000000 0.000673 1.000000 0.914122 0.808511 1.000000 1.000000 13.800000
1.000000 0.220331 0.000000 0.646628 0.000000 0.588477 0.718912 0.978373 0.016978 1.000000 0.914122 0.808511 1.000000 0.323124 15.000000
1.000000 0.171762 0.000000 0.646628 0.000000 0.588477 0.591684 0.930999 0.019578 1.000000 0.914122 0.808511 0.914570 0.593543 13.900000
1.000000 0.110343 0.000000 0.646628 0.000000 0.588477 0.619467 0.987642 0.020769 1.000000 0.914122 0.808511 1.000000 0.538355 13.300000
1.000000 0.265729 0.000000 0.646628 0.000000 0.588477 0.540142 0.960865 0.023325 1.000000 0.914122 0.808511 1.000000 0.605960 13.100000
1.000000 0.200746 0.000000 0.646628 0.000000 0.588477 0.510059 1.000000 0.023325 1.000000 0.914122 0.808511 0.992032 0.553256 10.200000
1.000000 1.000000 0.000000 0.646628 0.000000 0.588477 0.652807 0.916581 0.026089 1.000000 0.914122 0.808511 1.000000 0.427152 10.400000
1.000000 0.178353 0.000000 0.646628 0.000000 0.588477 0.571757 0.990731 0.035428 1.000000 0.914122 0.808511 1.000000 0.533940 10.900000
1.000000 0.103189 0.000000 0.646628 0.000000 0.648148 0.378425 1.000000 0.040993 1.000000 0.914122 0.808511 1.000000 0.603477 11.300000
1.000000 0.089763 0.000000 0.646628 0.000000 0.648148 0.375359 1.000000 0.036692 1.000000 0.914122 0.808511 1.000000 0.629967 12.300000
1.000000 0.225678 0.000000 0.646628 0.000000 0.648148 0.154627 0.909372 0.028181 1.000000 0.914122 0.808511 0.719930 0.797461 8.800000
1.000000 0.188890 0.000000 0.646628 0.000000 0.648148 0.328799 0.980433 0.026962 1.000000 0.914122 0.808511 1.000000 0.802428 7.200000
1.000000 0.274109 0.000000 0.646628 0.000000 0.648148 0.209044 1.000000 0.030700 1.000000 0.914122 0.808511 1.000000 0.732616 10.500000
1.000000 0.253915 0.000000 0.646628 0.000000 0.648148 0.275723 0.891864 0.035355 1.000000 0.914122 0.808511 1.000000 0.834989 7.400000
1.000000 0.161036 0.000000 0.646628 0.000000 0.648148 0.252730 1.000000 0.041821 1.000000 0.914122 0.808511 0.939533 0.797185 10.200000
1.000000 0.091553 0.000000 0.646628 0.000000 0.648148 0.350450 0.988671 0.054424 1.000000 0.914122 0.808511 1.000000 0.527594 11.500000
1.000000 0.078182 0.000000 0.646628 0.000000 0.648148 0.412340 0.969104 0.072466 1.000000 0.914122 0.808511 0.993772 0.424393 15.100000
1.000000 0.059422 0.000000 0.646628 0.000000 0.648148 0.477103 0.819773 0.094408 1.000000 0.914122 0.808511 0.953301 0.469923 23.200000
1.000000 0.130062 0.000000 0.646628 0.000000 0.648148 0.282621 0.969104 0.058235 1.000000 0.914122 0.808511 1.000000 0.660872 9.700000
1.000000 0.097094 0.000000 0.646628 0.000000 0.633745 0.504311 0.923790 0.060162 1.000000 0.914122 0.808511 1.000000 0.370861 13.800000
1.000000 0.150090 0.000000 0.646628 0.000000 0.633745 0.445679 0.945417 0.059335 1.000000 0.914122 0.808511 1.000000 0.403422 12.700000
1.000000 0.097903 0.000000 0.646628 0.000000 0.633745 0.557578 0.987642 0.054206 1.000000 0.914122 0.808511 0.987594 0.424669 13.100000
1.000000 0.065929 0.000000 0.646628 0.000000 0.633745 0.544932 0.958805 0.049759 1.000000 0.914122 0.808511 1.000000 0.486755 12.500000
1.000000 0.086161 0.000000 0.646628 0.000000 0.633745 0.418854 0.988671 0.045813 1.000000 0.914122 0.808511 0.990418 0.501932 8.500000
1.000000 0.430994 0.000000 0.646628 0.000000 0.633745 0.362522 1.000000 0.032736 1.000000 0.914122 0.808511 1.000000 0.796358 5.000000
1.000000 0.111389 0.000000 0.646628 0.000000 0.633745 0.438973 0.771370 0.033719 1.000000 0.914122 0.808511 0.851884 0.779249 6.300000
1.000000 0.281441 0.000000 0.646628 0.000000 0.633745 0.464840 1.000000 0.041757 1.000000 0.914122 0.808511 1.000000 0.690949 5.600000
1.000000 0.159940 0.000000 0.646628 0.000000 0.633745 0.533052 1.000000 0.040420 1.000000 0.914122 0.808511 1.000000 0.512969 7.200000
1.000000 0.107782 0.000000 0.646628 0.000000 0.633745 0.544740 1.000000 0.046322 1.000000 0.914122 0.808511 0.947577 0.512693 12.100000
1.000000 0.278694 0.000000 0.646628 0.000000 0.633745 0.342594 0.958805 0.052124 1.000000 0.914122 0.808511 1.000000 0.497792 8.300000
1.000000 0.466707 0.000000 0.646628 0.000000 0.633745 0.377467 0.849640 0.043449 1.000000 0.914122 0.808511 0.829946 0.707781 8.500000
1.000000 0.763342 0.000000 0.646628 0.000000 0.633745 0.406591 1.000000 0.026898 1.000000 0.914122 0.808511 0.969918 0.586369 5.000000
1.000000 0.232774 0.000000 0.646628 0.000000 0.563786 0.110558 1.000000 0.004410 1.000000 0.914122 0.808511 0.932725 0.596302 11.900000
1.000000 0.134256 0.000000 0.646628 0.000000 0.563786 0.392221 1.000000 0.014149 1.000000 0.914122 0.808511 0.836578 0.286976 27.900000
1.000000 0.083147 0.000000 0.646628 0.000000 0.436214 0.393945 0.978373 0.029563 1.000000 0.914122 0.808511 0.792577 0.680740 17.200000
1.000000 0.162212 0.000000 0.646628 0.000000 0.436214 0.630581 1.000000 0.030545 1.000000 0.914122 0.808511 0.451460 0.498068 27.500000
1.000000 0.574683 0.000000 0.646628 0.000000 0.436214 0.420770 1.000000 0.025771 1.000000 0.914122 0.808511 0.005749 0.231236 15.000000
1.000000 0.157855 0.000000 0.646628 0.000000 0.436214 0.593217 1.000000 0.036183 1.000000 0.914122 0.808511 0.087574 0.537804 17.200000
1.000000 0.211360 0.000000 0.646628 0.000000 0.436214 0.204445 1.000000 0.038584 1.000000 0.914122 0.808511 0.071789 0.900662 17.900000
1.000000 0.322013 0.000000 0.646628 0.000000 0.436214 0.305422 1.000000 0.041812 1.000000 0.914122 0.808511 0.531166 0.506347 16.300000
1.000000 0.514104 0.000000 0.646628 0.000000 0.633745 0.183560 1.000000 0.048068 1.000000 0.914122 0.808511 0.221771 0.972682 7.000000
1.000000 0.203196 0.000000 0.646628 0.000000 0.604938 0.550489 1.000000 0.064118 1.000000 0.914122 0.808511 0.067906 0.753863 7.200000
1.000000 0.121703 0.000000 0.646628 0.000000 0.604938 0.617168 0.905252 0.062736 1.000000 0.914122 0.808511 0.053583 0.663907 7.500000
1.000000 0.291495 0.000000 0.646628 0.000000 0.604938 0.333972 0.887745 0.047095 1.000000 0.914122 0.808511 0.320339 0.687362 10.400000
1.000000 0.826435 0.000000 0.646628 0.000000 0.604938 0.459092 1.000000 0.061199 1.000000 0.914122 0.808511 0.040673 0.521247 8.800000
1.000000 0.132696 0.000000 0.646628 0.000000 0.685185 0.625216 0.757981 0.060417 1.000000 0.914122 0.808511 0.121363 0.579746 8.400000
1.000000 0.124549 0.000000 0.646628 0.000000 0.685185 0.546082 1.000000 0.066319 1.000000 0.914122 0.808511 0.802940 0.366722 16.700000
1.000000 0.078861 0.000000 0.646628 0.000000 0.685185 0.468481 0.951596 0.067746 1.000000 0.914122 0.808511 0.806042 0.385486 14.200000
1.000000 0.135348 0.000000 0.646628 0.000000 0.471193 0.399885 0.872297 0.074712 1.000000 0.914122 0.808511 0.734354 0.341336 20.800000
1.000000 0.079174 0.000000 0.646628 0.000000 0.471193 0.487066 0.846550 0.081132 1.000000 0.914122 0.808511 0.005547 0.594923 13.400000
1.000000 0.098750 0.000000 0.646628 0.000000 0.409465 0.383982 0.697219 0.084924 1.000000 0.914122 0.808511 0.008397 0.425773 11.700000
1.000000 0.178195 0.000000 0.646628 0.000000 0.604938 0.447404 0.952626 0.070929 1.000000 0.914122 0.808511 0.018559 0.625276 8.300000
1.000000 0.137585 0.000000 0.646628 0.000000 0.409465 0.436099 0.584964 0.078931 1.000000 0.914122 0.808511 0.061350 0.385210 10.200000
1.000000 0.423240 0.000000 0.646628 0.000000 0.604938 0.506036 0.780639 0.066682 1.000000 0.914122 0.808511 0.046649 0.352925 10.900000
1.000000 0.082734 0.000000 0.646628 0.000000 0.604938 0.504311 0.774459 0.073293 1.000000 0.914122 0.808511 0.243104 0.546082 11.000000
1.000000 0.104896 0.000000 0.646628 0.000000 0.604938 0.540142 0.954686 0.076258 1.000000 0.914122 0.808511 0.152302 0.616722 9.500000
1.000000 0.095378 0.000000 0.646628 0.000000 0.409465 0.534010 0.856849 0.083942 1.000000 0.914122 0.808511 0.209617 0.439018 14.500000
1.000000 0.113027 0.000000 0.646628 0.000000 0.409465 0.626940 0.941298 0.087170 1.000000 0.914122 0.808511 0.204272 0.495585 14.100000
1.000000 0.072359 0.000000 0.646628 0.000000 0.409465 0.548764 0.740474 0.097373 1.000000 0.914122 0.808511 0.246180 0.284216 16.100000
1.000000 0.062659 0.000000 0.646628 0.000000 0.674897 0.550872 0.875386 0.107867 1.000000 0.914122 0.808511 0.251828 0.399834 14.300000
1.000000 0.156312 0.000000 0.646628 0.000000 0.674897 0.507185 0.948507 0.099355 1.000000 0.914122 0.808511 0.252938 0.370861 11.700000
1.000000 0.125369 0.000000 0.646628 0.000000 0.730453 0.587852 0.944387 0.090489 1.000000 0.914122 0.808511 0.276186 0.594371 13.400000
1.000000 0.162015 0.000000 0.646628 0.000000 0.730453 0.555662 0.930999 0.079386 1.000000 0.914122 0.808511 0.068511 0.450331 9.600000
1.000000 0.170517 0.000000 0.646628 0.000000 0.730453 0.496455 1.000000 0.071347 1.000000 0.914122 0.808511 0.022694 0.682119 8.700000
1.000000 0.153668 0.000000 0.646628 0.000000 0.730453 0.454876 0.875386 0.062836 1.000000 0.914122 0.808511 0.173055 0.891004 8.400000
1.000000 0.105477 0.000000 0.646628 0.000000 0.730453 0.395861 0.937178 0.062527 1.000000 0.914122 0.808511 1.000000 0.583609 12.800000
1.000000 0.247778 0.000000 0.646628 0.000000 0.730453 0.432458 0.921730 0.066983 1.000000 0.914122 0.808511 0.986258 0.562362 10.500000
1.000000 0.109226 0.000000 0.646628 0.000000 0.730453 0.545124 0.971164 0.085069 1.000000 0.914122 0.808511 0.972414 0.490894 17.100000
1.000000 0.063618 0.000000 0.646628 0.000000 0.730453 0.509293 1.000000 0.079586 1.000000 0.914122 0.808511 0.996949 0.410044 18.400000
1.000000 0.111950 0.000000 0.646628 0.000000 0.730453 0.560261 1.000000 0.077185 1.000000 0.914122 0.808511 0.974356 0.472406 15.400000
1.000000 0.143824 0.000000 0.646628 0.000000 0.730453 0.439356 0.964985 0.069656 1.000000 0.914122 0.808511 0.605679 0.608720 10.800000
1.000000 0.119877 0.000000 0.646628 0.000000 0.730453 0.555279 0.946447 0.078049 1.000000 0.914122 0.808511 0.107771 0.613962 11.800000
1.000000 0.070605 0.000000 0.646628 0.000000 0.730453 0.532669 0.962925 0.085697 1.000000 0.914122 0.808511 0.801074 0.443157 14.900000
1.000000 0.111482 0.000000 0.646628 0.000000 0.730453 0.515424 0.964985 0.097155 1.000000 0.914122 0.808511 0.978869 0.405905 12.600000
1.000000 0.104786 0.000000 0.646628 0.000000 0.674897 0.502778 0.986612 0.102938 1.000000 0.914122 0.808511 1.000000 0.452539 14.100000
1.000000 0.084520 0.000000 0.646628 0.000000 0.674897 0.547231 0.982492 0.095973 1.000000 0.914122 0.808511 0.766277 0.485099 13.000000
1.000000 0.075435 0.000000 0.646628 0.000000 0.674897 0.610845 0.923790 0.108576 1.000000 0.914122 0.808511 0.000000 0.433499 13.400000
1.000000 0.061086 0.000000 0.646628 0.000000 0.674897 0.592834 0.981462 0.111450 1.000000 0.914122 0.808511 0.895078 0.441501 15.200000
1.000000 0.057141 0.000000 0.646628 0.000000 0.674897 0.524238 0.915551 0.112632 1.000000 0.914122 0.808511 0.970220 0.428808 16.100000
1.000000 0.092636 0.000000 0.646628 0.000000 0.674897 0.734240 0.992791 0.120316 1.000000 0.914122 0.808511 0.946972 0.414183 17.800000
1.000000 0.106860 0.000000 0.646628 0.000000 0.674897 0.606821 0.939238 0.124262 1.000000 0.914122 0.808511 0.016037 0.468543 14.900000
1.000000 0.053344 0.000000 0.646628 0.000000 0.674897 0.567925 0.860968 0.118779 1.000000 0.914122 0.808511 0.127591 0.452539 14.100000
1.000000 0.052405 0.000000 0.646628 0.000000 0.674897 0.462732 0.875386 0.131946 1.000000 0.914122 0.808511 0.025619 0.476821 12.700000
1.000000 0.092102 0.000000 0.646628 0.000000 0.674897 0.455068 0.797116 0.150006 1.000000 0.914122 0.808511 0.008019 0.419702 13.500000
1.000000 0.087062 0.000000 0.646628 0.000000 0.674897 0.525005 0.832132 0.150361 1.000000 0.914122 0.808511 0.685587 0.400110 14.900000
1.000000 0.076372 0.000000 0.646628 0.000000 0.674897 0.482851 0.839341 0.144395 1.000000 0.914122 0.808511 1.000000 0.357892 20.000000
1.000000 0.054016 0.000000 0.646628 0.000000 0.674897 0.601648 0.897013 0.133483 1.000000 0.914122 0.808511 0.642771 0.405353 16.400000
1.000000 0.041439 0.000000 0.646628 0.000000 0.674897 0.539375 0.880536 0.130719 1.000000 0.914122 0.808511 0.986207 0.356512 17.700000
1.000000 0.074729 0.000000 0.646628 0.000000 0.674897 0.528071 0.824923 0.145932 1.000000 0.914122 0.808511 1.000000 0.338300 19.500000
1.000000 0.065357 0.000000 0.646628 0.000000 0.674897 0.565626 0.895984 0.152043 1.000000 0.914122 0.808511 0.992234 0.236203 20.200000
1.000000 0.088041 0.000000 0.646628 0.000000 0.555556 0.507377 0.643666 0.166756 1.000000 0.914122 0.808511 1.000000 0.317053 21.400000
1.000000 0.035487 0.000000 0.646628 0.000000 0.555556 0.421153 0.466529 0.176131 1.000000 0.914122 0.808511 0.842403 0.342163 19.900000
1.000000 0.042359 0.000000 0.646628 0.000000 0.555556 0.458134 0.842430 0.158399 1.000000 0.914122 0.808511 0.054693 0.425497 19.000000
1.000000 0.049634 0.000000 0.646628 0.000000 0.409465 0.467906 0.943357 0.128282 1.000000 0.914122 0.808511 0.834560 0.540563 19.100000
1.000000 0.174996 0.000000 0.646628 0.000000 0.401235 0.453152 0.701339 0.161755 1.000000 0.914122 0.808511 0.928993 0.452539 19.100000
1.000000 0.146890 0.000000 0.646628 0.000000 0.401235 0.412340 0.554068 0.154053 1.000000 0.914122 0.808511 1.000000 0.359547 20.100000
1.000000 0.048808 0.000000 0.646628 0.000000 0.401235 0.499329 0.835221 0.173122 1.000000 0.914122 0.808511 1.000000 0.401766 19.900000
1.000000 0.045320 0.000000 0.646628 0.000000 0.302469 0.511209 0.904222 0.179114 1.000000 0.914122 0.808511 0.996041 0.307395 19.600000
1.000000 0.040040 0.000000 0.646628 0.000000 0.401235 0.551063 0.742533 0.160673 1.000000 0.914122 0.808511 0.991099 0.348510 23.200000
1.000000 0.052159 0.000000 0.646628 0.000000 0.471193 0.655106 0.666323 0.127609 1.000000 0.914122 0.808511 0.943971 0.274007 29.800000
1.000000 0.090474 0.000000 0.646628 0.000000 0.409465 0.357540 0.952626 0.118233 1.000000 0.914122 0.808511 0.888244 0.452815 13.800000
1.000000 0.071786 0.000000 0.646628 0.000000 0.409465 0.498371 0.973223 0.097882 1.000000 0.914122 0.808511 0.762620 0.617274 13.300000
1.000000 0.054682 0.000000 0.646628 0.000000 0.471193 0.560069 0.934089 0.106912 1.000000 0.914122 0.808511 0.998260 0.467715 16.700000
1.000000 0.168788 0.000000 0.646628 0.000000 0.471193 0.333972 0.972194 0.088307 1.000000 0.914122 0.808511 0.880428 0.639625 12.000000
1.000000 0.114945 0.000000 0.646628 0.000000 0.471193 0.502778 0.966014 0.094654 1.000000 0.914122 0.808511 0.956629 0.449779 14.600000
1.000000 0.161036 0.000000 0.646628 0.000000 0.471193 0.511209 0.876416 0.074712 1.000000 0.914122 0.808511 0.965757 0.314018 21.400000
1.000000 0.065389 0.000000 0.646628 0.000000 0.302469 0.513700 0.636457 0.208659 1.000000 0.914122 0.808511 1.000000 0.248620 23.000000
1.000000 0.064088 0.000000 0.646628 0.000000 0.302469 0.611037 0.741504 0.200247 1.000000 0.914122 0.808511 0.990342 0.165839 23.700000
1.000000 0.064346 0.000000 0.646628 0.000000 0.302469 0.670627 0.763131 0.207422 1.000000 0.914122 0.808511 0.995915 0.145695 25.000000
1.000000 0.031607 0.000000 0.646628 0.000000 0.302469 0.421728 0.385170 0.269958 1.000000 0.914122 0.808511 0.989964 0.239790 21.800000
1.000000 0.026664 0.000000 0.646628 0.000000 0.407407 0.442614 0.401648 0.235921 1.000000 0.914122 0.808511 0.934011 0.320364 20.600000
1.000000 0.041220 0.000000 0.646628 0.000000 0.407407 0.527112 0.504634 0.260264 1.000000 0.914122 0.808511 0.979121 0.244205 21.200000
1.000000 0.063903 0.000000 0.646628 0.000000 0.407407 0.489174 0.791967 0.219726 1.000000 0.914122 0.808511 0.989359 0.365618 19.100000
1.000000 0.054281 0.000000 0.646628 0.000000 0.407407 0.449128 0.518023 0.183934 1.000000 0.914122 0.808511 0.978113 0.268212 20.600000
1.000000 0.001625 0.000000 1.000000 0.000000 0.460905 0.362713 0.924820 0.062863 0.130435 1.000000 0.797872 0.995436 0.450607 15.200000
1.000000 0.001990 0.000000 1.000000 0.000000 0.460905 0.355049 0.982492 0.056907 0.130435 1.000000 0.797872 0.866736 0.613687 7.000000
1.000000 0.002261 0.000000 1.000000 0.000000 0.460905 0.293543 0.979403 0.063018 0.130435 1.000000 0.797872 0.802133 0.771247 8.100000
1.000000 0.001117 0.000000 1.000000 0.000000 0.460905 0.464074 0.987642 0.067155 0.130435 1.000000 0.797872 0.982879 0.450883 13.600000
1.000000 0.001180 0.000000 1.000000 0.000000 0.460905 0.464074 0.830072 0.089143 0.130435 1.000000 0.797872 1.000000 0.320640 20.100000
1.000000 0.001877 0.000000 0.338343 0.000000 0.411523 0.411190 0.526262 0.113859 0.217391 0.389313 0.702128 1.000000 0.283664 21.800000
1.000000 0.003071 0.000000 0.338343 0.000000 0.411523 0.453152 0.408857 0.113859 0.217391 0.389313 0.702128 1.000000 0.327263 24.500000
1.000000 0.001941 0.000000 0.338343 0.000000 0.411523 0.404100 0.266735 0.151770 0.217391 0.389313 0.702128 0.990897 0.437914 23.100000
1.000000 0.003184 0.000000 0.338343 0.000000 0.411523 0.350450 0.720906 0.151770 0.217391 0.389313 0.702128 1.000000 0.535596 19.700000
1.000000 0.002945 0.000000 0.338343 0.000000 0.411523 0.427860 0.697219 0.160327 0.217391 0.389313 0.702128 1.000000 0.341336 18.300000
1.000000 0.002617 0.000000 0.338343 0.000000 0.411523 0.470971 0.642636 0.116351 0.217391 0.389313 0.702128 1.000000 0.308775 21.200000
1.000000 0.001928 0.000000 0.338343 0.000000 0.411523 0.384748 0.727085 0.115514 0.217391 0.389313 0.702128 0.997151 0.368929 17.500000
1.000000 0.002451 0.000000 0.338343 0.000000 0.411523 0.472504 0.790937 0.124453 0.217391 0.389313 0.702128 1.000000 0.347682 16.800000
1.000000 0.000633 0.000000 0.420455 0.000000 0.386831 0.580954 0.681771 0.122671 0.000000 0.164122 0.893617 0.987619 0.219095 22.400000
1.000000 0.000438 0.000000 0.420455 0.000000 0.386831 0.490324 0.760041 0.105293 0.000000 0.164122 0.893617 1.000000 0.202815 20.600000
1.000000 0.000612 0.000000 0.420455 0.000000 0.386831 0.654340 0.907312 0.094381 0.000000 0.164122 0.893617 1.000000 0.107892 23.900000
1.000000 0.001161 0.000000 0.420455 0.000000 0.386831 0.619467 0.889804 0.114514 0.000000 0.164122 0.893617 0.991301 0.131071 22.000000
1.000000 0.000462 0.000000 0.420455 0.000000 0.386831 0.473079 0.802266 0.125072 0.000000 0.164122 0.893617 1.000000 0.169702 11.900000
