1.000000 0.000000 0.180000 0.067815 0.000000 0.314815 0.577505 0.641607 0.269203 0.000000 0.208015 0.287234 1.000000 0.089680 24.000000
1.000000 0.000236 0.000000 0.242302 0.000000 0.172840 0.547998 0.782698 0.348962 0.043478 0.104962 0.553191 1.000000 0.204470 21.600000
1.000000 0.000236 0.000000 0.242302 0.000000 0.172840 0.694386 0.599382 0.348962 0.043478 0.104962 0.553191 0.989737 0.063466 34.700000
1.000000 0.000293 0.000000 0.063050 0.000000 0.150206 0.658555 0.441813 0.448545 0.086957 0.066794 0.648936 0.994276 0.033389 33.400000
1.000000 0.000705 0.000000 0.063050 0.000000 0.150206 0.687105 0.528321 0.448545 0.086957 0.066794 0.648936 1.000000 0.099338 36.200000
1.000000 0.000264 0.000000 0.063050 0.000000 0.150206 0.549722 0.574665 0.448545 0.086957 0.066794 0.648936 0.992990 0.096026 28.700000
1.000000 0.000921 0.125000 0.271628 0.000000 0.286008 0.469630 0.656025 0.402923 0.173913 0.236641 0.276596 0.996722 0.295254 22.900000
1.000000 0.001554 0.125000 0.271628 0.000000 0.286008 0.500287 0.959835 0.438387 0.173913 0.236641 0.276596 1.000000 0.480684 27.100000
1.000000 0.002303 0.125000 0.271628 0.000000 0.286008 0.396628 1.000000 0.450354 0.173913 0.236641 0.276596 0.974104 0.778146 16.500000
1.000000 0.001840 0.125000 0.271628 0.000000 0.286008 0.468097 0.854789 0.496731 0.173913 0.236641 0.276596 0.974305 0.424117 18.900000
1.000000 0.002457 0.125000 0.271628 0.000000 0.286008 0.539567 0.941298 0.474416 0.173913 0.236641 0.276596 0.988956 0.516556 15.000000
1.000000 0.001249 0.125000 0.271628 0.000000 0.286008 0.469055 0.823893 0.463503 0.173913 0.236641 0.276596 1.000000 0.318433 18.900000
1.000000 0.000983 0.125000 0.271628 0.000000 0.286008 0.446062 0.371782 0.392956 0.173913 0.236641 0.276596 0.983862 0.385762 21.700000
1.000000 0.007007 0.000000 0.281525 0.000000 0.314815 0.457559 0.606591 0.325355 0.130435 0.229008 0.893617 1.000000 0.180188 20.400000
1.000000 0.007099 0.000000 0.281525 0.000000 0.314815 0.485725 0.840371 0.303022 0.130435 0.229008 0.893617 0.957436 0.235375 18.200000
1.000000 0.006981 0.000000 0.281525 0.000000 0.314815 0.435524 0.552008 0.306359 0.130435 0.229008 0.893617 0.996772 0.185982 19.900000
1.000000 0.011775 0.000000 0.281525 0.000000 0.314815 0.454876 0.271885 0.306359 0.130435 0.229008 0.893617 0.974658 0.133830 23.100000
1.000000 0.008743 0.000000 0.281525 0.000000 0.314815 0.465415 0.811535 0.284471 0.130435 0.229008 0.893617 0.974406 0.357064 17.500000
1.000000 0.008951 0.000000 0.281525 0.000000 0.314815 0.363096 0.347065 0.242514 0.130435 0.229008 0.893617 0.727899 0.274834 20.200000
1.000000 0.008087 0.000000 0.281525 0.000000 0.314815 0.415022 0.685891 0.242514 0.130435 0.229008 0.893617 0.984997 0.263521 18.200000
1.000000 0.013999 0.000000 0.281525 0.000000 0.314815 0.384940 0.980433 0.242641 0.130435 0.229008 0.893617 0.948737 0.532285 13.600000
1.000000 0.009506 0.000000 0.281525 0.000000 0.314815 0.460625 0.888774 0.262138 0.130435 0.229008 0.893617 0.988981 0.333885 19.600000
1.000000 0.013782 0.000000 0.281525 0.000000 0.314815 0.494539 0.914521 0.258918 0.130435 0.229008 0.893617 1.000000 0.468819 15.200000
1.000000 0.011039 0.000000 0.281525 0.000000 0.314815 0.431500 1.000000 0.269676 0.130435 0.229008 0.893617 0.994049 0.500828 14.500000
1.000000 0.008362 0.000000 0.281525 0.000000 0.314815 0.452769 0.939238 0.297357 0.130435 0.229008 0.893617 0.993520 0.402042 15.600000
1.000000 0.009376 0.000000 0.281525 0.000000 0.314815 0.390496 0.852729 0.302358 0.130435 0.229008 0.893617 0.764285 0.407837 13.900000
1.000000 0.007481 0.000000 0.281525 0.000000 0.314815 0.431500 0.900103 0.323036 0.130435 0.229008 0.893617 0.949518 0.360927 16.600000
1.000000 0.010672 0.000000 0.281525 0.000000 0.314815 0.476336 0.884655 0.302249 0.130435 0.229008 0.893617 0.771748 0.429084 14.800000
1.000000 0.008617 0.000000 0.281525 0.000000 0.314815 0.562177 0.942327 0.302367 0.130435 0.229008 0.893617 0.977407 0.305464 18.400000
1.000000 0.011196 0.000000 0.281525 0.000000 0.314815 0.596474 0.869207 0.282752 0.130435 0.229008 0.893617 0.957966 0.282837 21.000000
1.000000 0.012639 0.000000 0.281525 0.000000 0.314815 0.412340 0.939238 0.282207 0.130435 0.229008 0.893617 0.907383 0.575883 12.700000
1.000000 0.015156 0.000000 0.281525 0.000000 0.314815 0.481127 1.000000 0.276933 0.130435 0.229008 0.893617 0.949140 0.312086 14.500000
1.000000 0.015530 0.000000 0.281525 0.000000 0.314815 0.457751 0.814624 0.260110 0.130435 0.229008 0.893617 0.585708 0.716887 13.200000
1.000000 0.012874 0.000000 0.281525 0.000000 0.314815 0.410040 0.948507 0.241668 0.130435 0.229008 0.893617 0.903853 0.458609 13.100000
1.000000 0.018057 0.000000 0.281525 0.000000 0.314815 0.485725 0.968074 0.239176 0.130435 0.229008 0.893617 0.625321 0.513521 13.500000
1.000000 0.000650 0.000000 0.201613 0.000000 0.234568 0.454493 0.672503 0.202848 0.173913 0.175573 0.702128 1.000000 0.219371 18.900000
1.000000 0.001024 0.000000 0.201613 0.000000 0.234568 0.436865 0.602472 0.204449 0.173913 0.175573 0.702128 0.951233 0.267108 20.000000
1.000000 0.000830 0.000000 0.201613 0.000000 0.234568 0.438590 0.397528 0.255036 0.173913 0.175573 0.702128 1.000000 0.194260 21.000000
1.000000 0.001896 0.000000 0.201613 0.000000 0.234568 0.460816 0.281153 0.247133 0.173913 0.175573 0.702128 0.991250 0.231788 24.700000
1.000000 0.000240 0.750000 0.091276 0.000000 0.088477 0.581337 0.194645 0.388428 0.086957 0.124046 0.606383 0.996798 0.071468 30.800000
1.000000 0.000307 0.750000 0.091276 0.000000 0.088477 0.663537 0.132853 0.388428 0.086957 0.124046 0.606383 0.996772 0.006898 34.900000
1.000000 0.001361 0.000000 0.236437 0.000000 0.129630 0.614869 0.000000 0.417509 0.086957 0.087786 0.563830 0.971027 0.085817 26.600000
1.000000 0.001519 0.000000 0.236437 0.000000 0.129630 0.499713 0.038105 0.417509 0.086957 0.087786 0.563830 0.965883 0.112583 25.300000
1.000000 0.001720 0.000000 0.236437 0.000000 0.129630 0.507760 0.037075 0.417509 0.086957 0.087786 0.563830 0.993847 0.157561 24.700000
1.000000 0.001308 0.000000 0.236437 0.000000 0.129630 0.480552 0.382080 0.417509 0.086957 0.087786 0.563830 0.981063 0.215784 21.200000
1.000000 0.001856 0.000000 0.236437 0.000000 0.129630 0.406400 0.318229 0.361084 0.086957 0.087786 0.563830 1.000000 0.233996 19.300000
1.000000 0.002046 0.000000 0.236437 0.000000 0.129630 0.426327 0.313079 0.361084 0.086957 0.087786 0.563830 1.000000 0.342715 20.000000
1.000000 0.002506 0.000000 0.236437 0.000000 0.129630 0.473079 0.850669 0.414644 0.086957 0.087786 0.563830 0.989510 0.471026 16.600000
1.000000 0.002782 0.000000 0.236437 0.000000 0.129630 0.352175 0.951596 0.431067 0.086957 0.087786 0.563830 1.000000 0.802428 14.400000
1.000000 0.002399 0.000000 0.236437 0.000000 0.129630 0.391071 0.608651 0.450863 0.086957 0.087786 0.563830 1.000000 0.399283 19.400000
1.000000 0.000926 0.210000 0.189883 0.000000 0.111111 0.460241 0.440783 0.516973 0.130435 0.106870 0.446809 0.996621 0.323400 19.700000
1.000000 0.000416 0.210000 0.189883 0.000000 0.111111 0.489366 0.618950 0.516973 0.130435 0.106870 0.446809 0.992612 0.212472 20.500000
1.000000 0.000531 0.210000 0.189883 0.000000 0.111111 0.565242 0.187436 0.516973 0.130435 0.106870 0.446809 1.000000 0.097958 25.000000
1.000000 0.000489 0.210000 0.189883 0.000000 0.111111 0.466948 0.190525 0.516973 0.130435 0.106870 0.446809 1.000000 0.184879 23.400000
1.000000 0.000082 0.750000 0.129765 0.000000 0.051440 0.445871 0.460350 0.562895 0.086957 0.538168 0.904255 1.000000 0.360651 18.900000
1.000000 0.000076 0.900000 0.027859 0.000000 0.037037 0.706649 0.195675 0.688103 0.173913 0.074427 0.563830 0.997554 0.084989 35.400000
1.000000 0.000160 0.850000 0.010264 0.000000 0.051440 0.540717 0.337796 0.732752 0.043478 0.240458 0.500000 1.000000 0.111479 24.700000
1.000000 0.000090 1.000000 0.031525 0.000000 0.053498 0.623683 0.387230 0.654293 0.173913 0.131679 0.265957 0.989914 0.061258 31.600000
1.000000 0.001665 0.250000 0.171188 0.000000 0.139918 0.495114 0.270855 0.607917 0.304348 0.185115 0.755319 0.984316 0.141556 23.300000
1.000000 0.001090 0.250000 0.171188 0.000000 0.139918 0.453344 0.456231 0.527640 0.304348 0.185115 0.755319 1.000000 0.206678 19.600000
1.000000 0.001607 0.250000 0.171188 0.000000 0.139918 0.417705 0.651905 0.554320 0.304348 0.185115 0.755319 0.995486 0.315121 18.700000
1.000000 0.001859 0.250000 0.171188 0.000000 0.139918 0.460816 0.932029 0.517319 0.304348 0.185115 0.755319 0.952544 0.350717 16.000000
1.000000 0.001168 0.250000 0.171188 0.000000 0.139918 0.554704 0.668383 0.554329 0.304348 0.185115 0.755319 1.000000 0.137969 22.200000
1.000000 0.001351 0.250000 0.171188 0.000000 0.139918 0.613336 0.417096 0.623021 0.304348 0.185115 0.755319 0.996672 0.214404 25.000000
1.000000 0.000148 0.175000 0.033724 0.000000 0.063992 0.678866 0.582904 0.735962 0.086957 0.055344 0.638298 0.990771 0.174393 33.000000
1.000000 0.000332 0.800000 0.106672 0.000000 0.026749 0.522897 0.153450 0.498495 0.130435 0.286260 0.372340 1.000000 0.081126 23.500000
1.000000 0.000421 0.800000 0.106672 0.000000 0.026749 0.426518 0.290422 0.498495 0.130435 0.286260 0.372340 1.000000 0.234823 19.400000
1.000000 0.000580 0.125000 0.205645 0.000000 0.049383 0.443955 0.190525 0.488174 0.130435 0.301527 0.670213 0.998260 0.175773 22.000000
1.000000 0.001452 0.125000 0.205645 0.000000 0.049383 0.389538 0.349125 0.488174 0.130435 0.301527 0.670213 1.000000 0.313466 17.400000
1.000000 0.001369 0.125000 0.205645 0.000000 0.049383 0.445296 0.309990 0.488174 0.130435 0.301527 0.670213 1.000000 0.194812 20.900000
1.000000 0.000921 0.000000 0.379399 0.000000 0.057613 0.547231 0.038105 0.378079 0.130435 0.225191 0.702128 0.966791 0.137693 24.200000
1.000000 0.001713 0.000000 0.379399 0.000000 0.057613 0.459858 0.150360 0.378079 0.130435 0.225191 0.702128 0.949670 0.224890 21.700000
1.000000 0.000959 0.000000 0.379399 0.000000 0.057613 0.479785 0.050463 0.378079 0.130435 0.225191 0.702128 0.984896 0.104581 22.800000
1.000000 0.002125 0.000000 0.379399 0.000000 0.057613 0.514275 0.033986 0.378079 0.130435 0.225191 0.702128 0.950250 0.160320 23.400000
1.000000 0.000816 0.000000 0.453446 0.000000 0.106996 0.519640 0.031926 0.283889 0.173913 0.402672 0.648936 0.995007 0.139349 24.100000
1.000000 0.000998 0.000000 0.453446 0.000000 0.106996 0.522131 0.433574 0.306723 0.173913 0.402672 0.648936 0.965530 0.198951 21.400000
1.000000 0.001070 0.000000 0.453446 0.000000 0.106996 0.520789 0.737384 0.265766 0.173913 0.402672 0.648936 0.941399 0.282561 20.000000
1.000000 0.000908 0.000000 0.453446 0.000000 0.106996 0.494156 0.441813 0.269249 0.173913 0.402672 0.648936 0.974936 0.235651 20.800000
1.000000 0.000564 0.000000 0.453446 0.000000 0.106996 0.511784 0.523172 0.353236 0.173913 0.402672 0.648936 0.973524 0.292770 21.200000
1.000000 0.000872 0.000000 0.453446 0.000000 0.106996 0.443188 0.347065 0.306723 0.173913 0.402672 0.648936 0.997882 0.203366 20.300000
1.000000 0.000391 0.250000 0.161290 0.000000 0.084362 0.606630 0.315139 0.388391 0.130435 0.179389 0.680851 1.000000 0.098234 28.000000
1.000000 0.000430 0.250000 0.161290 0.000000 0.084362 0.585936 0.695160 0.388391 0.130435 0.179389 0.680851 0.996798 0.151490 23.900000
1.000000 0.000340 0.250000 0.161290 0.000000 0.084362 0.525196 0.301751 0.388391 0.130435 0.179389 0.680851 1.000000 0.137693 24.800000
1.000000 0.000328 0.250000 0.161290 0.000000 0.084362 0.499329 0.451081 0.388391 0.130435 0.179389 0.680851 0.984215 0.159492 22.900000
1.000000 0.000498 0.000000 0.147727 0.000000 0.131687 0.541866 0.464470 0.331894 0.086957 0.114504 0.627660 1.000000 0.217715 23.900000
1.000000 0.000574 0.000000 0.147727 0.000000 0.131687 0.588044 0.547889 0.300821 0.086957 0.114504 0.627660 0.988401 0.132450 26.600000
1.000000 0.000512 0.000000 0.147727 0.000000 0.131687 0.470205 0.434604 0.299866 0.086957 0.114504 0.627660 0.997705 0.307119 22.500000
1.000000 0.000733 0.000000 0.147727 0.000000 0.131687 0.490515 0.555098 0.238067 0.086957 0.114504 0.627660 0.995587 0.185155 22.200000
1.000000 0.000565 0.000000 0.108138 0.000000 0.213992 0.660280 0.858908 0.208431 0.043478 0.158397 0.553191 1.000000 0.104029 23.600000
1.000000 0.000525 0.000000 0.108138 0.000000 0.213992 0.674075 0.619979 0.207777 0.043478 0.158397 0.553191 0.997882 0.109547 28.700000
1.000000 0.000455 0.000000 0.108138 0.000000 0.213992 0.547231 0.650875 0.178478 0.043478 0.158397 0.553191 0.988098 0.195364 22.600000
1.000000 0.000371 0.000000 0.108138 0.000000 0.213992 0.544932 0.731205 0.178459 0.043478 0.158397 0.553191 0.991553 0.178532 22.000000
1.000000 0.000401 0.280000 0.534457 0.000000 0.162551 0.552021 0.522142 0.230638 0.130435 0.158397 0.595745 0.995234 0.177428 22.900000
1.000000 0.000252 0.280000 0.534457 0.000000 0.162551 0.507760 0.267765 0.230638 0.130435 0.158397 0.595745 0.998563 0.123620 25.000000
1.000000 0.000412 0.280000 0.534457 0.000000 0.162551 0.515041 0.766220 0.226009 0.130435 0.158397 0.595745 1.000000 0.244481 20.600000
1.000000 0.001301 0.000000 0.089076 0.000000 0.123457 0.587086 0.565396 0.215115 0.043478 0.169847 0.574468 0.901861 0.135762 28.400000
1.000000 0.001222 0.000000 0.089076 0.000000 0.123457 0.498563 0.686921 0.215115 0.043478 0.169847 0.574468 0.987216 0.265177 21.400000
1.000000 0.001287 0.000000 0.089076 0.000000 0.123457 0.863767 0.752832 0.215115 0.043478 0.169847 0.574468 1.000000 0.068433 38.700000
1.000000 0.000849 0.000000 0.089076 0.000000 0.123457 0.816057 0.350154 0.215115 0.043478 0.169847 0.574468 0.991502 0.050773 43.800000
1.000000 0.000700 0.000000 0.089076 0.000000 0.123457 0.738647 0.613800 0.215115 0.043478 0.169847 0.574468 1.000000 0.123068 33.200000
1.000000 0.001600 0.000000 0.296921 0.000000 0.277778 0.606630 0.792997 0.149879 0.173913 0.375954 0.882979 0.994604 0.212196 27.500000
1.000000 0.001214 0.000000 0.296921 0.000000 0.277778 0.616976 0.704428 0.156999 0.173913 0.375954 0.882979 0.996672 0.163907 26.500000
1.000000 0.002500 0.000000 0.296921 0.000000 0.277778 0.544932 0.849640 0.144141 0.173913 0.375954 0.882979 0.177720 0.245585 18.600000
1.000000 0.002307 0.000000 0.296921 0.000000 0.277778 0.493581 0.870237 0.144141 0.173913 0.375954 0.882979 0.993873 0.323124 19.300000
1.000000 0.001498 0.000000 0.296921 0.000000 0.277778 0.499329 0.897013 0.117433 0.173913 0.375954 0.882979 0.989384 0.292494 20.100000
1.000000 0.001420 0.000000 0.296921 0.000000 0.277778 0.438781 0.966014 0.088870 0.173913 0.375954 0.882979 0.992814 0.406733 19.500000
1.000000 0.001853 0.000000 0.296921 0.000000 0.277778 0.435907 0.916581 0.098337 0.173913 0.375954 0.882979 0.996898 0.467163 19.500000
1.000000 0.001403 0.000000 0.296921 0.000000 0.277778 0.491665 0.847580 0.090280 0.173913 0.375954 0.882979 0.976776 0.341060 20.400000
1.000000 0.001368 0.000000 0.296921 0.000000 0.277778 0.558153 0.970134 0.118515 0.173913 0.375954 0.882979 0.995814 0.290839 19.800000
1.000000 0.002892 0.000000 0.296921 0.000000 0.277778 0.511209 0.909372 0.128718 0.173913 0.375954 0.882979 0.985703 0.381347 19.400000
1.000000 0.001142 0.000000 0.296921 0.000000 0.277778 0.504694 0.530381 0.149879 0.173913 0.375954 0.882979 0.991401 0.310982 21.700000
1.000000 0.001062 0.000000 0.350073 0.000000 0.333333 0.604330 0.810505 0.140758 0.217391 0.467557 0.553191 0.996697 0.232616 22.800000
1.000000 0.001315 0.000000 0.350073 0.000000 0.333333 0.450661 0.926880 0.111286 0.217391 0.467557 0.553191 0.995083 0.399558 18.800000
1.000000 0.002426 0.000000 0.350073 0.000000 0.333333 0.484959 0.952626 0.128982 0.217391 0.467557 0.553191 1.000000 0.423841 18.700000
1.000000 0.001528 0.000000 0.350073 0.000000 0.333333 0.515999 0.837281 0.102474 0.217391 0.467557 0.553191 0.979424 0.240618 18.500000
1.000000 0.001855 0.000000 0.350073 0.000000 0.333333 0.453535 0.878476 0.121261 0.217391 0.467557 0.553191 0.868904 0.387141 18.300000
1.000000 0.001408 0.000000 0.350073 0.000000 0.333333 0.501054 0.716787 0.145541 0.217391 0.467557 0.553191 0.990922 0.284492 21.200000
1.000000 0.001626 0.000000 0.350073 0.000000 0.333333 0.471355 0.820803 0.147114 0.217391 0.467557 0.553191 0.993973 0.236479 19.200000
1.000000 0.001397 0.000000 0.350073 0.000000 0.333333 0.442805 0.722966 0.122571 0.217391 0.467557 0.553191 0.853069 0.376380 20.400000
1.000000 0.001556 0.000000 0.350073 0.000000 0.333333 0.415788 0.641607 0.148187 0.217391 0.467557 0.553191 0.986384 0.327815 19.300000
1.000000 0.000704 0.000000 0.923387 0.000000 0.403292 0.442422 0.687951 0.102583 0.043478 0.001908 0.691489 0.980458 0.348786 22.000000
1.000000 0.000734 0.000000 0.923387 0.000000 0.403292 0.468097 0.836251 0.097100 0.043478 0.001908 0.691489 0.951510 0.346026 20.300000
1.000000 0.000974 0.000000 0.923387 0.000000 0.403292 0.459858 0.926880 0.087052 0.043478 0.001908 0.691489 0.952569 0.447020 20.500000
1.000000 0.001619 0.000000 0.923387 0.000000 0.403292 0.439739 0.969104 0.074094 0.043478 0.001908 0.691489 0.932952 0.653422 17.300000
1.000000 0.001036 0.000000 0.923387 0.000000 0.403292 0.444146 0.956746 0.079722 0.043478 0.001908 0.691489 0.955822 0.437362 18.800000
1.000000 0.001829 0.000000 0.923387 0.000000 0.403292 0.464648 0.880536 0.078504 0.043478 0.001908 0.691489 0.970044 0.360927 21.400000
1.000000 0.004283 0.000000 0.923387 0.000000 0.403292 0.393179 0.954686 0.057071 0.043478 0.001908 0.691489 0.905164 0.704470 15.700000
1.000000 0.002842 0.000000 0.785557 0.000000 0.491770 0.408507 0.958805 0.059899 0.130435 0.477099 0.914894 0.987922 0.426600 16.200000
1.000000 0.003587 0.000000 0.785557 0.000000 0.491770 0.549914 0.987642 0.062099 0.130435 0.477099 0.914894 1.000000 0.376932 18.000000
1.000000 0.009834 0.000000 0.785557 0.000000 0.491770 0.397777 0.945417 0.077322 0.130435 0.477099 0.914894 1.000000 0.458333 14.300000
1.000000 0.003751 0.000000 0.785557 0.000000 0.491770 0.555087 0.988671 0.089925 0.130435 0.477099 0.914894 0.995310 0.299945 19.200000
1.000000 0.013337 0.000000 0.785557 0.000000 0.491770 0.529795 0.976313 0.103793 0.130435 0.477099 0.914894 1.000000 0.290563 19.600000
1.000000 0.006561 0.000000 0.785557 0.000000 0.491770 0.538609 0.978373 0.108922 0.130435 0.477099 0.914894 0.971910 0.259106 23.000000
1.000000 0.003636 0.000000 0.785557 0.000000 0.491770 0.433225 0.952626 0.121880 0.130435 0.477099 0.914894 0.979298 0.366998 18.400000
1.000000 0.010901 0.000000 0.785557 0.000000 0.491770 0.420770 0.983522 0.110613 0.130435 0.477099 0.914894 0.661758 0.429912 15.600000
1.000000 0.006198 0.000000 0.785557 0.000000 0.491770 0.531519 0.981462 0.089216 0.130435 0.477099 0.914894 0.994377 0.420254 18.100000
1.000000 0.003555 0.000000 0.785557 0.000000 0.491770 0.456218 0.933059 0.076140 0.130435 0.477099 0.914894 0.952973 0.418598 17.400000
1.000000 0.003889 0.000000 0.785557 0.000000 0.491770 0.554321 0.983522 0.065491 0.130435 0.477099 0.914894 0.992889 0.354857 17.100000
1.000000 0.002737 0.000000 0.785557 0.000000 0.491770 0.439931 0.981462 0.049014 0.130435 0.477099 0.914894 0.987745 0.540563 13.300000
1.000000 0.006049 0.000000 0.785557 0.000000 0.491770 0.496264 0.978373 0.049023 0.130435 0.477099 0.914894 1.000000 0.461645 17.800000
1.000000 0.003199 0.000000 0.785557 0.000000 0.491770 0.500671 0.934089 0.043858 0.130435 0.477099 0.914894 0.977760 0.618929 14.000000
1.000000 0.018234 0.000000 0.785557 0.000000 0.491770 0.279364 1.000000 0.028172 0.130435 0.477099 0.914894 1.000000 0.901766 14.400000
1.000000 0.037257 0.000000 0.700880 1.000000 1.000000 0.352941 1.000000 0.017459 0.173913 0.412214 0.223404 1.000000 0.692329 13.400000
1.000000 0.045983 0.000000 0.700880 0.000000 1.000000 0.365396 1.000000 0.025662 0.173913 0.412214 0.223404 1.000000 0.681291 15.600000
1.000000 0.031173 0.000000 0.700880 0.000000 1.000000 0.257137 0.977343 0.019669 0.173913 0.412214 0.223404 1.000000 0.760486 11.800000
1.000000 0.026672 0.000000 0.700880 0.000000 1.000000 0.492240 1.000000 0.026326 0.173913 0.412214 0.223404 0.435196 0.719371 13.800000
1.000000 0.024151 0.000000 0.700880 0.000000 1.000000 0.396053 1.000000 0.035192 0.173913 0.412214 0.223404 0.426017 0.411700 15.600000
1.000000 0.026552 0.000000 0.700880 0.000000 1.000000 0.261544 0.955716 0.030118 0.173913 0.412214 0.223404 0.986913 0.767108 14.600000
1.000000 0.026129 0.000000 0.700880 0.000000 1.000000 0.311362 0.936148 0.036374 0.173913 0.412214 0.223404 0.899365 0.733720 17.800000
1.000000 0.030658 0.000000 0.700880 0.000000 1.000000 0.390113 0.947477 0.036019 0.173913 0.412214 0.223404 0.886404 0.544150 15.400000
1.000000 0.018549 0.000000 0.700880 0.000000 1.000000 0.490707 0.972194 0.044413 0.173913 0.412214 0.223404 0.939230 0.341336 21.500000
1.000000 0.016747 0.000000 0.700880 0.000000 1.000000 0.353133 1.000000 0.042012 0.173913 0.412214 0.223404 0.860558 0.318709 19.600000
1.000000 0.012591 0.000000 0.700880 1.000000 1.000000 0.278023 0.876416 0.043703 0.173913 0.412214 0.223404 0.864794 0.286700 15.300000
1.000000 0.024085 0.000000 0.700880 0.000000 1.000000 0.411573 0.984552 0.044885 0.173913 0.412214 0.223404 0.659716 0.387969 19.400000
1.000000 0.015820 0.000000 0.700880 1.000000 1.000000 0.492048 0.958805 0.056361 0.173913 0.412214 0.223404 0.808664 0.369481 17.000000
1.000000 0.039662 0.000000 0.700880 1.000000 1.000000 0.496455 0.820803 0.056007 0.173913 0.412214 0.223404 0.221116 0.366722 15.600000
1.000000 0.027429 0.000000 0.700880 0.000000 1.000000 0.327841 0.938208 0.055179 0.173913 0.412214 0.223404 0.222679 0.397627 13.100000
1.000000 0.013682 0.000000 0.700880 0.000000 0.452675 0.648017 0.973223 0.067992 0.173913 0.412214 0.223404 0.915603 0.078918 41.300000
1.000000 0.015022 0.000000 0.700880 0.000000 0.452675 0.479977 1.000000 0.057080 0.173913 0.412214 0.223404 0.891548 0.129691 24.300000
1.000000 0.015946 0.000000 0.700880 0.000000 1.000000 0.565051 1.000000 0.057862 0.173913 0.412214 0.223404 0.917822 0.156181 23.300000
1.000000 0.014242 0.000000 0.700880 1.000000 0.452675 0.515233 0.923790 0.060817 0.173913 0.412214 0.223404 0.853800 0.104029 27.000000
1.000000 0.016377 0.000000 0.700880 0.000000 0.452675 0.752635 0.905252 0.076503 0.173913 0.412214 0.223404 0.943341 0.000000 50.000000
1.000000 0.020540 0.000000 0.700880 1.000000 0.452675 0.812608 0.981462 0.082851 0.173913 0.412214 0.223404 0.981618 0.005243 50.000000
1.000000 0.017002 0.000000 0.700880 1.000000 0.452675 0.922399 0.937178 0.093881 0.173913 0.412214 0.223404 0.978693 0.043874 50.000000
1.000000 0.025133 0.000000 0.700880 0.000000 0.452675 0.439356 0.915551 0.117524 0.173913 0.412214 0.223404 0.995486 0.273455 22.700000
1.000000 0.032794 0.000000 0.700880 0.000000 0.452675 0.486683 0.927909 0.104920 0.173913 0.412214 0.223404 0.604771 0.222958 25.000000
1.000000 0.022523 0.000000 0.700880 0.000000 0.452675 0.836942 0.960865 0.083323 0.173913 0.412214 0.223404 0.930405 0.054360 50.000000
1.000000 0.020164 0.000000 0.700880 0.000000 0.452675 0.443763 0.785788 0.117879 0.173913 0.412214 0.223404 0.573125 0.287252 23.800000
1.000000 0.025785 0.000000 0.700880 0.000000 0.452675 0.528454 0.959835 0.088243 0.173913 0.412214 0.223404 0.748323 0.258554 23.800000
1.000000 0.027461 0.000000 0.700880 0.000000 0.452675 0.544357 0.950566 0.103020 0.173913 0.412214 0.223404 0.831409 0.264625 22.300000
1.000000 0.013500 0.000000 0.700880 0.000000 0.452675 0.443380 0.944387 0.117879 0.173913 0.412214 0.223404 0.736220 0.350442 17.400000
1.000000 0.025937 0.000000 0.700880 0.000000 0.452675 0.444338 0.972194 0.114496 0.173913 0.412214 0.223404 0.877024 0.284216 19.100000
1.000000 0.001493 0.000000 0.131598 0.000000 0.257202 0.385323 0.881565 0.133356 0.173913 0.208015 0.425532 1.000000 0.357616 23.100000
1.000000 0.000961 0.000000 0.131598 0.000000 0.257202 0.547040 0.836251 0.137921 0.173913 0.208015 0.425532 0.996470 0.201711 23.600000
1.000000 0.000878 0.000000 0.131598 0.000000 0.257202 0.440314 0.677652 0.142977 0.173913 0.208015 0.425532 0.990746 0.218267 22.600000
1.000000 0.000678 0.000000 0.131598 0.000000 0.257202 0.571949 0.311020 0.182115 0.173913 0.208015 0.425532 0.985022 0.099338 29.400000
1.000000 0.000718 0.000000 0.131598 0.000000 0.257202 0.471163 0.456231 0.220544 0.173913 0.208015 0.425532 0.990746 0.231236 23.200000
1.000000 0.000539 0.000000 0.131598 0.000000 0.257202 0.527687 0.726056 0.198956 0.173913 0.208015 0.425532 0.996722 0.125828 24.600000
1.000000 0.000676 0.000000 0.131598 0.000000 0.257202 0.632113 0.736354 0.162382 0.173913 0.208015 0.425532 0.985804 0.143212 29.900000
1.000000 0.000579 0.000000 0.073314 0.000000 0.211934 0.655106 0.571576 0.154534 0.086957 0.011450 0.553191 1.000000 0.091336 37.200000
1.000000 0.000669 0.000000 0.073314 0.000000 0.211934 0.805518 0.828012 0.146532 0.086957 0.011450 0.553191 0.996621 0.160872 39.800000
1.000000 0.000703 0.000000 0.073314 0.000000 0.211934 0.494922 0.610711 0.133519 0.086957 0.011450 0.553191 1.000000 0.213024 36.200000
1.000000 0.000952 0.000000 0.073314 0.000000 0.211934 0.688638 0.919670 0.142858 0.086957 0.011450 0.553191 0.992990 0.085265 37.900000
1.000000 0.001054 0.000000 0.073314 0.000000 0.211934 0.575206 0.954686 0.156171 0.086957 0.011450 0.553191 1.000000 0.108996 32.500000
1.000000 0.000863 0.000000 0.073314 0.000000 0.211934 0.391454 0.894954 0.168984 0.086957 0.011450 0.553191 0.985123 0.338024 26.400000
1.000000 0.000609 0.000000 0.073314 0.000000 0.211934 0.496647 0.678682 0.195519 0.086957 0.011450 0.553191 0.975314 0.315121 29.600000
1.000000 0.000559 0.000000 0.073314 0.000000 0.211934 0.818164 0.522142 0.188198 0.086957 0.011450 0.553191 0.989233 0.075055 50.000000
1.000000 0.000814 0.450000 0.109238 0.000000 0.106996 0.617168 0.393409 0.241795 0.173913 0.402672 0.276596 0.992360 0.136589 32.000000
1.000000 0.001343 0.450000 0.109238 0.000000 0.106996 0.573865 0.269825 0.312552 0.173913 0.402672 0.276596 0.964547 0.078091 29.800000
1.000000 0.000870 0.450000 0.109238 0.000000 0.106996 0.694386 0.370752 0.312552 0.173913 0.402672 0.276596 1.000000 0.100993 34.900000
1.000000 0.000948 0.450000 0.109238 0.000000 0.106996 0.649550 0.191555 0.486519 0.173913 0.402672 0.276596 0.951536 0.092991 37.000000
1.000000 0.000706 0.450000 0.109238 0.000000 0.106996 0.608929 0.287333 0.486519 0.173913 0.402672 0.276596 0.981870 0.081678 30.500000
1.000000 0.000903 0.450000 0.109238 0.000000 0.106996 0.693045 0.240989 0.486519 0.173913 0.402672 0.276596 0.983837 0.031457 36.400000
1.000000 0.000175 0.600000 0.090543 0.000000 0.032922 0.620617 0.072091 0.462858 0.000000 0.148855 0.319149 0.991099 0.091060 31.100000
1.000000 0.000091 0.600000 0.090543 0.000000 0.032922 0.583062 0.163749 0.462858 0.000000 0.148855 0.319149 0.949065 0.073124 29.100000
1.000000 0.000084 0.800000 0.000000 0.000000 0.076132 0.826595 0.299691 0.410916 0.130435 0.129771 0.191489 0.993267 0.034216 50.000000
1.000000 0.000380 0.800000 0.038856 0.000000 0.039095 0.713930 0.321318 0.561922 0.043478 0.270992 0.000000 1.000000 0.064845 33.300000
1.000000 0.000453 0.800000 0.038856 0.000000 0.039095 0.679441 0.347065 0.561922 0.043478 0.270992 0.000000 0.892607 0.189845 30.300000
1.000000 0.000352 0.800000 0.038856 0.000000 0.039095 0.711439 0.364573 0.561922 0.043478 0.270992 0.000000 0.988149 0.134934 34.600000
1.000000 0.000283 0.950000 0.037023 0.000000 0.037037 0.654148 0.127703 0.593240 0.086957 0.410305 0.468085 1.000000 0.078091 34.900000
1.000000 0.000129 0.950000 0.037023 0.000000 0.037037 0.684806 0.113285 0.593240 0.086957 0.410305 0.468085 0.968228 0.075055 32.900000
1.000000 0.000316 0.825000 0.057551 0.000000 0.061728 0.498371 0.365602 0.467441 0.043478 0.307252 0.223404 0.992108 0.157285 24.100000
1.000000 0.000174 0.825000 0.057551 0.000000 0.061728 0.775819 0.131823 0.467441 0.043478 0.307252 0.223404 0.996167 0.038079 42.300000
1.000000 0.000323 0.950000 0.081378 0.000000 0.063992 0.822380 0.312049 0.362684 0.130435 0.070611 0.223404 0.989611 0.057395 48.500000
1.000000 0.000155 0.950000 0.081378 0.000000 0.063992 0.857061 0.298661 0.362684 0.130435 0.070611 0.223404 0.983988 0.031733 50.000000
1.000000 0.001462 0.000000 0.371334 0.000000 0.213992 0.446446 0.199794 0.256054 0.130435 0.171756 0.638298 1.000000 0.252208 22.600000
1.000000 0.002511 0.000000 0.371334 0.000000 0.213992 0.529795 0.510814 0.293292 0.130435 0.171756 0.638298 0.994881 0.254967 24.400000
1.000000 0.002761 0.000000 0.371334 0.000000 0.213992 0.425752 0.718847 0.293292 0.130435 0.171756 0.638298 0.981164 0.450607 22.500000
1.000000 0.001456 0.000000 0.371334 1.000000 0.213992 0.479594 0.578785 0.282771 0.130435 0.171756 0.638298 0.960714 0.356788 24.400000
1.000000 0.004826 0.000000 0.371334 1.000000 0.213992 0.341636 1.000000 0.249652 0.130435 0.171756 0.638298 1.000000 0.589404 20.000000
1.000000 0.001890 0.000000 0.371334 1.000000 0.213992 0.459667 0.918641 0.249843 0.130435 0.171756 0.638298 0.990796 0.428808 21.700000
1.000000 0.004153 0.000000 0.371334 1.000000 0.213992 0.353133 0.882595 0.230556 0.130435 0.171756 0.638298 0.995814 0.613962 19.300000
1.000000 0.002370 0.000000 0.371334 1.000000 0.213992 0.430351 0.524202 0.229428 0.130435 0.171756 0.638298 0.984972 0.394592 22.400000
1.000000 0.001508 0.000000 0.371334 0.000000 0.213992 0.539184 0.302781 0.256054 0.130435 0.171756 0.638298 0.972036 0.211093 28.100000
1.000000 0.003183 0.000000 0.371334 0.000000 0.213992 0.354666 0.071061 0.223508 0.130435 0.171756 0.638298 0.879041 0.767660 23.700000
1.000000 0.002155 0.000000 0.371334 0.000000 0.213992 0.502203 0.406797 0.256054 0.130435 0.171756 0.638298 0.991755 0.213576 25.000000
1.000000 0.000441 0.000000 0.492302 1.000000 0.339506 0.445871 0.546859 0.180278 0.173913 0.169847 0.404255 0.989662 0.325055 23.300000
1.000000 0.000717 0.000000 0.492302 0.000000 0.339506 0.590343 0.846550 0.208377 0.173913 0.169847 0.404255 0.989611 0.219647 28.700000
1.000000 0.001173 0.000000 0.492302 1.000000 0.339506 0.457942 0.936148 0.160018 0.173913 0.169847 0.404255 1.000000 0.446744 21.500000
1.000000 0.001213 0.000000 0.492302 1.000000 0.339506 0.538801 0.921730 0.203121 0.173913 0.169847 0.404255 0.992032 0.241998 23.000000
1.000000 0.003954 0.000000 0.210411 1.000000 0.251029 0.649550 0.881565 0.157508 0.304348 0.229008 0.510638 0.986888 0.220199 26.700000
1.000000 0.004512 0.000000 0.210411 1.000000 0.251029 0.498755 0.910402 0.174449 0.304348 0.229008 0.510638 0.995814 0.544426 21.700000
1.000000 0.006938 0.000000 0.210411 1.000000 0.251029 0.635754 0.770340 0.194828 0.304348 0.229008 0.510638 0.983585 0.226269 27.500000
1.000000 0.006838 0.000000 0.210411 0.000000 0.251029 0.585744 0.802266 0.194828 0.304348 0.229008 0.510638 1.000000 0.161976 30.100000
1.000000 0.003473 0.000000 0.210411 0.000000 0.244856 0.901514 0.776519 0.160482 0.304348 0.229008 0.510638 0.970120 0.066501 44.800000
1.000000 0.005852 0.000000 0.210411 0.000000 0.244856 0.989462 0.824923 0.160482 0.304348 0.229008 0.510638 0.962429 0.080022 50.000000
1.000000 0.004224 0.000000 0.210411 0.000000 0.244856 0.858210 0.860968 0.189699 0.304348 0.229008 0.510638 0.975995 0.038631 37.600000
1.000000 0.004564 0.000000 0.210411 0.000000 0.244856 0.690171 0.792997 0.189699 0.304348 0.229008 0.510638 0.937415 0.127759 31.600000
1.000000 0.003281 0.000000 0.210411 0.000000 0.244856 0.790381 0.145211 0.204194 0.304348 0.229008 0.510638 0.951107 0.060430 46.700000
1.000000 0.004894 0.000000 0.210411 0.000000 0.244856 0.573098 0.190525 0.204194 0.304348 0.229008 0.510638 0.958243 0.056015 31.500000
1.000000 0.005965 0.000000 0.210411 0.000000 0.244856 0.463690 0.671473 0.231147 0.304348 0.229008 0.510638 0.953225 0.273731 24.300000
1.000000 0.005133 0.000000 0.210411 0.000000 0.244856 0.737881 0.762101 0.231147 0.304348 0.229008 0.510638 0.947652 0.097130 31.700000
1.000000 0.006395 0.000000 0.210411 0.000000 0.251029 0.915118 0.725026 0.246324 0.304348 0.229008 0.510638 0.972288 0.020419 41.700000
1.000000 0.003655 0.000000 0.210411 0.000000 0.251029 0.897873 0.695160 0.229365 0.304348 0.229008 0.510638 0.954738 0.061258 48.300000
1.000000 0.004963 0.000000 0.210411 1.000000 0.251029 0.606438 0.654995 0.229365 0.304348 0.229008 0.510638 0.907459 0.174393 29.000000
1.000000 0.003643 0.000000 0.210411 0.000000 0.251029 0.483809 0.603502 0.229365 0.304348 0.229008 0.510638 0.949191 0.252483 24.000000
1.000000 0.005780 0.000000 0.210411 1.000000 0.251029 0.588235 0.757981 0.274477 0.304348 0.229008 0.510638 0.978693 0.215508 25.100000
1.000000 0.005682 0.000000 0.210411 0.000000 0.251029 0.727534 0.707518 0.274477 0.304348 0.229008 0.510638 0.982778 0.082781 31.500000
1.000000 0.000856 0.300000 0.163856 0.000000 0.088477 0.559494 0.160659 0.460157 0.217391 0.215649 0.425532 0.955898 0.127759 23.700000
1.000000 0.000969 0.300000 0.163856 0.000000 0.088477 0.583445 0.404737 0.460157 0.217391 0.215649 0.425532 0.966917 0.155629 23.300000
1.000000 0.001202 0.300000 0.163856 0.000000 0.088477 0.639203 0.529351 0.473452 0.217391 0.215649 0.425532 0.985753 0.266280 22.000000
1.000000 0.001122 0.300000 0.163856 0.000000 0.088477 0.485534 0.640577 0.473452 0.217391 0.215649 0.425532 0.994251 0.294426 20.100000
1.000000 0.001086 0.300000 0.163856 0.000000 0.088477 0.535926 0.514933 0.537051 0.217391 0.215649 0.425532 0.939104 0.261865 22.200000
1.000000 0.001363 0.300000 0.163856 0.000000 0.088477 0.542633 0.050463 0.537051 0.217391 0.215649 0.425532 0.944047 0.095475 23.700000
1.000000 0.002245 0.220000 0.197947 0.000000 0.094650 0.389347 0.757981 0.620657 0.260870 0.272901 0.691489 0.938449 0.297185 17.600000
1.000000 0.002079 0.220000 0.197947 0.000000 0.094650 0.391646 0.693100 0.620657 0.260870 0.272901 0.691489 0.980407 0.461645 18.500000
1.000000 0.003749 0.220000 0.197947 0.000000 0.094650 0.488025 0.329557 0.629805 0.260870 0.272901 0.691489 0.983055 0.205022 24.300000
1.000000 0.002138 0.220000 0.197947 0.000000 0.094650 0.510634 0.785788 0.629805 0.260870 0.272901 0.691489 0.947652 0.232340 20.500000
1.000000 0.001777 0.220000 0.197947 0.000000 0.094650 0.550297 0.475798 0.608981 0.260870 0.272901 0.691489 0.944047 0.214956 24.500000
1.000000 0.002073 0.220000 0.197947 0.000000 0.094650 0.604905 0.150360 0.608981 0.260870 0.272901 0.691489 0.992032 0.133278 26.200000
1.000000 0.001506 0.220000 0.197947 0.000000 0.094650 0.560644 0.104016 0.569897 0.260870 0.272901 0.691489 0.998437 0.115066 24.400000
1.000000 0.002335 0.220000 0.197947 0.000000 0.094650 0.551255 0.061792 0.569897 0.260870 0.272901 0.691489 0.949997 0.051325 24.800000
1.000000 0.000853 0.220000 0.197947 0.000000 0.094650 0.650699 0.040165 0.707208 0.260870 0.272901 0.691489 0.972742 0.049669 29.600000
1.000000 0.004076 0.220000 0.197947 0.000000 0.094650 0.900172 0.056643 0.707208 0.260870 0.272901 0.691489 1.000000 0.049945 42.800000
1.000000 0.000471 0.800000 0.116569 0.000000 0.014403 0.488025 0.299691 0.735726 0.000000 0.244275 0.404255 0.989889 0.133554 21.900000
1.000000 0.000328 0.800000 0.116569 0.000000 0.014403 0.443572 0.166838 0.735726 0.000000 0.244275 0.404255 0.995663 0.207506 20.900000
1.000000 0.000102 0.900000 0.120601 0.000000 0.018519 0.745928 0.322348 0.473452 0.086957 0.108779 0.351064 0.973372 0.038079 44.000000
1.000000 0.006803 0.200000 0.128666 0.000000 0.539095 0.985438 0.865088 0.061054 0.173913 0.146947 0.042553 0.981845 0.093543 50.000000
1.000000 0.007387 0.200000 0.128666 0.000000 0.539095 0.722744 1.000000 0.069565 0.173913 0.146947 0.042553 0.965682 0.167219 36.000000
1.000000 0.007310 0.200000 0.128666 0.000000 0.539095 0.628664 1.000000 0.080123 0.173913 0.146947 0.042553 0.987468 0.142660 30.100000
1.000000 0.006000 0.200000 0.128666 0.000000 0.539095 0.697835 0.812564 0.089343 0.173913 0.146947 0.042553 0.989662 0.216887 33.800000
1.000000 0.005932 0.200000 0.128666 0.000000 0.539095 0.758574 0.890834 0.091862 0.173913 0.146947 0.042553 0.978491 0.152594 43.100000
1.000000 0.005775 0.200000 0.128666 0.000000 0.539095 0.926806 0.912461 0.105384 0.173913 0.146947 0.042553 0.974684 0.115342 48.800000
1.000000 0.009205 0.200000 0.128666 0.000000 0.539095 0.721594 0.943357 0.086315 0.173913 0.146947 0.042553 0.991225 0.262693 31.000000
1.000000 0.006112 0.200000 0.128666 0.000000 0.539095 0.698410 0.913491 0.072793 0.173913 0.146947 0.042553 0.977281 0.175773 36.500000
1.000000 0.008489 0.200000 0.128666 0.000000 0.539095 0.383024 0.616890 0.077922 0.173913 0.146947 0.042553 0.988653 0.240618 22.800000
1.000000 0.008760 0.200000 0.128666 0.000000 0.539095 0.661621 0.841401 0.091235 0.173913 0.146947 0.042553 0.967648 0.360375 30.700000
1.000000 0.006429 0.200000 0.128666 0.000000 0.390947 0.907454 0.660144 0.117488 0.173913 0.146947 0.042553 0.968834 0.157561 50.000000
1.000000 0.006004 0.200000 0.128666 0.000000 0.390947 0.748994 0.511843 0.158445 0.173913 0.146947 0.042553 0.983358 0.039459 43.500000
1.000000 0.000948 0.200000 0.238270 1.000000 0.162551 0.452002 0.603502 0.253517 0.086957 0.068702 0.638298 0.985980 0.328918 20.700000
1.000000 0.003291 0.200000 0.238270 0.000000 0.162551 0.439739 0.403708 0.300030 0.086957 0.068702 0.638298 0.979197 0.310982 21.100000
1.000000 0.001751 0.200000 0.238270 0.000000 0.162551 0.513317 0.138002 0.300030 0.086957 0.068702 0.638298 1.000000 0.134106 25.200000
1.000000 0.001217 0.200000 0.238270 0.000000 0.162551 0.570416 0.574665 0.253517 0.086957 0.068702 0.638298 0.995108 0.165563 24.400000
1.000000 0.002423 0.200000 0.238270 1.000000 0.162551 0.791339 0.503605 0.294347 0.086957 0.068702 0.638298 0.984543 0.133830 35.200000
1.000000 0.000563 0.400000 0.218109 1.000000 0.127572 0.612569 0.308960 0.268076 0.130435 0.127863 0.531915 1.000000 0.049669 32.400000
1.000000 0.001008 0.400000 0.218109 0.000000 0.127572 0.630964 0.410917 0.285326 0.130435 0.127863 0.531915 1.000000 0.034492 32.000000
1.000000 0.001106 0.400000 0.218109 1.000000 0.127572 0.710098 0.474768 0.332603 0.130435 0.127863 0.531915 0.980710 0.119205 33.200000
1.000000 0.000618 0.400000 0.218109 1.000000 0.127572 0.625599 0.254377 0.339477 0.130435 0.127863 0.531915 0.991301 0.067053 33.100000
1.000000 0.000826 0.400000 0.218109 0.000000 0.127572 0.559686 0.300721 0.273777 0.130435 0.127863 0.531915 1.000000 0.150662 29.100000
1.000000 0.002294 0.200000 0.105205 0.000000 0.119136 0.622916 0.301751 0.270176 0.173913 0.055344 0.244681 1.000000 0.086093 35.100000
1.000000 0.000331 0.200000 0.105205 0.000000 0.119136 0.816057 0.634398 0.324191 0.173913 0.055344 0.244681 0.975818 0.056015 45.400000
1.000000 0.000345 0.200000 0.105205 0.000000 0.119136 0.652807 0.353244 0.374205 0.173913 0.055344 0.244681 0.988224 0.078918 35.400000
1.000000 0.000618 0.200000 0.105205 1.000000 0.119136 0.782525 0.481977 0.371223 0.173913 0.055344 0.244681 0.949997 0.035320 46.000000
1.000000 0.000098 0.900000 0.027493 1.000000 0.032922 0.835792 0.225541 0.432431 0.000000 0.020992 0.106383 0.996520 0.039459 50.000000
1.000000 0.000031 0.900000 0.092009 0.000000 0.030864 0.675800 0.184346 0.561767 0.000000 0.187023 0.287234 0.994503 0.168874 32.200000
1.000000 0.000052 0.550000 0.065616 0.000000 0.008230 0.554129 0.298661 0.561767 0.000000 0.215649 0.287234 0.994503 0.179360 22.000000
1.000000 0.000150 0.800000 0.047654 0.000000 0.000000 0.511401 0.294542 0.723804 0.000000 0.103053 0.595745 0.860558 0.309051 20.100000
1.000000 0.000364 0.525000 0.178152 0.000000 0.041152 0.507377 0.292482 0.562668 0.217391 0.202290 0.425532 1.000000 0.149283 23.200000
1.000000 0.000445 0.525000 0.178152 0.000000 0.041152 0.527687 0.439753 0.562668 0.217391 0.202290 0.425532 1.000000 0.161976 22.300000
1.000000 0.000412 0.525000 0.178152 0.000000 0.041152 0.575589 0.205973 0.562668 0.217391 0.202290 0.425532 0.936507 0.214680 24.800000
1.000000 0.000323 0.800000 0.164589 0.000000 0.053498 0.632305 0.257467 0.362566 0.130435 0.110687 0.702128 1.000000 0.044150 28.500000
1.000000 0.000815 0.800000 0.164589 0.000000 0.053498 0.687296 0.255407 0.362566 0.130435 0.110687 0.702128 1.000000 0.050497 37.300000
1.000000 0.000335 0.800000 0.164589 0.000000 0.053498 0.588044 0.211123 0.362566 0.130435 0.110687 0.702128 1.000000 0.081954 27.900000
1.000000 0.000858 0.000000 0.493402 0.000000 0.106996 0.491665 0.159629 0.397667 0.130435 0.194656 0.361702 1.000000 0.189018 23.900000
1.000000 0.000851 0.000000 0.493402 0.000000 0.106996 0.469055 0.405767 0.397667 0.130435 0.194656 0.361702 1.000000 0.239238 21.700000
1.000000 0.001382 0.000000 0.493402 0.000000 0.106996 0.597241 0.290422 0.439287 0.130435 0.194656 0.361702 1.000000 0.125276 28.600000
1.000000 0.000533 0.000000 0.493402 0.000000 0.106996 0.572523 0.495366 0.439287 0.130435 0.194656 0.361702 0.989788 0.156181 27.100000
1.000000 0.001514 0.000000 0.493402 0.000000 0.106996 0.427093 0.567456 0.471988 0.130435 0.194656 0.361702 1.000000 0.389349 20.300000
1.000000 0.000656 0.700000 0.065249 0.000000 0.030864 0.533436 0.177137 0.609099 0.173913 0.326336 0.234043 0.927732 0.089404 22.500000
1.000000 0.000554 0.700000 0.065249 0.000000 0.030864 0.666794 0.073120 0.609099 0.173913 0.326336 0.234043 0.936154 0.083057 29.000000
1.000000 0.000425 0.700000 0.065249 0.000000 0.030864 0.634221 0.458290 0.609099 0.173913 0.326336 0.234043 0.984770 0.119757 24.800000
1.000000 0.000327 0.340000 0.206378 0.000000 0.098765 0.580379 0.386200 0.396666 0.260870 0.270992 0.372340 0.997100 0.214404 22.000000
1.000000 0.000970 0.340000 0.206378 0.000000 0.098765 0.562177 0.159629 0.396666 0.260870 0.270992 0.372340 0.966488 0.191501 26.400000
1.000000 0.001053 0.340000 0.206378 0.000000 0.098765 0.655490 0.152420 0.396666 0.260870 0.270992 0.372340 0.983686 0.086369 33.100000
1.000000 0.000549 0.330000 0.063050 0.000000 0.179012 0.704158 0.393409 0.263020 0.260870 0.066794 0.617021 0.991881 0.143488 36.100000
1.000000 0.000545 0.330000 0.063050 0.000000 0.179012 0.585361 0.568486 0.203730 0.260870 0.066794 0.617021 0.991074 0.198675 28.400000
1.000000 0.000772 0.330000 0.063050 0.000000 0.179012 0.739414 0.710608 0.179105 0.260870 0.066794 0.617021 1.000000 0.130795 33.400000
1.000000 0.000483 0.330000 0.063050 0.000000 0.179012 0.630006 0.694130 0.186698 0.260870 0.066794 0.617021 1.000000 0.160044 28.200000
1.000000 0.005470 0.000000 0.346041 0.000000 0.327160 0.589002 0.819773 0.198956 0.130435 0.223282 0.617021 1.000000 0.077539 22.800000
1.000000 0.003856 0.000000 0.346041 0.000000 0.327160 0.461966 0.760041 0.179405 0.130435 0.223282 0.617021 0.998336 0.227373 20.300000
1.000000 0.029551 0.000000 0.346041 0.000000 0.327160 0.270550 0.359423 0.126381 0.130435 0.223282 0.617021 0.882874 0.301049 16.100000
1.000000 0.008813 0.000000 0.346041 0.000000 0.327160 0.490707 0.513903 0.137375 0.130435 0.223282 0.617021 1.000000 0.117274 22.100000
1.000000 0.002870 0.000000 0.346041 0.000000 0.327160 0.471738 0.901133 0.154989 0.130435 0.223282 0.617021 0.998487 0.275662 19.400000
1.000000 0.002957 0.000000 0.346041 0.000000 0.327160 0.518299 0.822863 0.193982 0.130435 0.223282 0.617021 0.991149 0.170254 21.600000
1.000000 0.004079 0.000000 0.346041 0.000000 0.327160 0.575972 0.869207 0.224854 0.130435 0.223282 0.617021 0.996949 0.208333 23.800000
1.000000 0.002779 0.000000 0.346041 0.000000 0.327160 0.410807 0.770340 0.256018 0.130435 0.223282 0.617021 0.998790 0.269592 16.200000
1.000000 0.003506 0.000000 0.346041 0.000000 0.327160 0.450853 0.826982 0.260892 0.130435 0.223282 0.617021 0.984366 0.458057 17.800000
1.000000 0.002685 0.000000 0.346041 0.000000 0.327160 0.425560 0.708548 0.263902 0.130435 0.223282 0.617021 1.000000 0.392108 19.800000
1.000000 0.004448 0.000000 0.346041 0.000000 0.327160 0.540525 0.662204 0.218507 0.130435 0.223282 0.617021 0.995739 0.238135 23.100000
1.000000 0.005273 0.000000 0.346041 0.000000 0.327160 0.488983 0.575695 0.261192 0.130435 0.223282 0.617021 0.998311 0.303532 21.000000
1.000000 0.001813 0.000000 0.253666 0.000000 0.222222 0.548956 0.508754 0.310160 0.173913 0.190840 0.744681 1.000000 0.150938 23.800000
1.000000 0.001970 0.000000 0.253666 0.000000 0.222222 0.539375 0.529351 0.310160 0.173913 0.190840 0.744681 1.000000 0.141832 23.100000
1.000000 0.003876 0.000000 0.253666 0.000000 0.222222 0.475187 0.484037 0.326592 0.173913 0.190840 0.744681 1.000000 0.164735 20.400000
1.000000 0.003120 0.000000 0.253666 0.000000 0.222222 0.411381 0.735324 0.326592 0.173913 0.190840 0.744681 0.985451 0.276214 18.500000
1.000000 0.003763 0.000000 0.253666 0.000000 0.222222 0.546848 0.383110 0.326592 0.173913 0.190840 0.744681 1.000000 0.121137 25.000000
1.000000 0.002085 0.000000 0.253666 0.000000 0.222222 0.549914 0.121524 0.389773 0.173913 0.190840 0.744681 0.991881 0.092439 24.600000
1.000000 0.003340 0.000000 0.253666 0.000000 0.222222 0.527112 0.267765 0.389773 0.173913 0.190840 0.744681 1.000000 0.121965 23.000000
1.000000 0.002638 0.000000 0.253666 0.000000 0.222222 0.483234 0.420185 0.389773 0.173913 0.190840 0.744681 1.000000 0.305188 22.200000
1.000000 0.000673 0.000000 0.101906 0.000000 0.154321 0.442039 0.235839 0.371468 0.130435 0.463740 0.457447 0.963538 0.227373 19.300000
1.000000 0.000685 0.000000 0.101906 0.000000 0.154321 0.531136 0.147271 0.371468 0.130435 0.463740 0.457447 0.945307 0.154801 22.600000
1.000000 0.000440 0.000000 0.101906 0.000000 0.154321 0.494922 0.301751 0.431394 0.130435 0.463740 0.457447 0.928564 0.203091 19.800000
1.000000 0.000494 0.350000 0.205279 0.000000 0.108848 0.410998 0.262616 0.501150 0.000000 0.223282 0.457447 0.992738 0.295254 17.100000
1.000000 0.000319 0.350000 0.205279 0.000000 0.108848 0.473271 0.210093 0.501150 0.000000 0.223282 0.457447 0.912628 0.168322 19.400000
1.000000 0.000500 0.000000 0.173387 0.000000 0.267490 0.527879 0.362513 0.484573 0.173913 0.070611 0.808511 0.981870 0.108996 22.200000
1.000000 0.000349 0.000000 0.173387 0.000000 0.267490 0.526729 0.366632 0.484573 0.173913 0.070611 0.808511 0.981088 0.138521 20.700000
1.000000 0.000374 0.000000 0.173387 0.000000 0.267490 0.474420 0.325438 0.441552 0.173913 0.070611 0.808511 1.000000 0.173289 21.100000
1.000000 0.000314 0.000000 0.173387 0.000000 0.267490 0.442230 0.446962 0.372969 0.173913 0.070611 0.808511 1.000000 0.222682 19.500000
1.000000 0.000271 0.000000 0.173387 0.000000 0.267490 0.447212 0.583934 0.407879 0.173913 0.070611 0.808511 0.994730 0.243653 18.500000
1.000000 0.000301 0.000000 0.173387 0.000000 0.267490 0.478636 0.354274 0.334876 0.173913 0.070611 0.808511 0.998084 0.187086 20.600000
1.000000 0.000547 0.000000 0.173387 0.000000 0.267490 0.464457 0.437693 0.334876 0.173913 0.070611 0.808511 1.000000 0.221026 19.000000
1.000000 0.000620 0.000000 0.173387 0.000000 0.267490 0.461199 0.572606 0.334876 0.173913 0.070611 0.808511 1.000000 0.208609 18.700000
1.000000 0.000075 0.350000 0.038856 0.000000 0.117284 0.705116 0.477858 0.537270 0.000000 0.185115 0.308511 0.994553 0.103753 32.700000
1.000000 0.000210 0.000000 0.052419 0.000000 0.273663 0.570799 0.584964 0.467159 0.000000 0.448473 0.351064 0.982500 0.190949 16.500000
1.000000 0.000215 0.550000 0.121701 0.000000 0.203704 0.600690 0.550978 0.418527 0.173913 0.349237 0.531915 1.000000 0.150386 23.900000
1.000000 0.000272 0.550000 0.121701 0.000000 0.203704 0.634796 0.259526 0.485209 0.173913 0.349237 0.531915 0.977482 0.079470 31.200000
1.000000 0.000279 0.000000 0.144062 0.000000 0.117284 0.470013 0.469619 0.625995 0.086957 0.314885 0.659574 0.971607 0.242826 17.500000
1.000000 0.000622 0.000000 0.144062 0.000000 0.117284 0.447787 0.508754 0.625995 0.086957 0.314885 0.659574 0.918579 0.301876 17.200000
1.000000 0.000139 0.850000 0.135264 0.000000 0.090535 0.566200 0.255407 0.673435 0.130435 0.312977 0.563830 0.988729 0.127759 23.100000
1.000000 0.000098 0.800000 0.056818 0.000000 0.102881 0.589002 0.276004 0.656039 0.130435 0.177481 0.468085 0.984972 0.117550 24.500000
1.000000 0.000255 0.400000 0.028959 0.000000 0.090535 0.647250 0.325438 0.696787 0.000000 0.282443 0.755319 0.982223 0.114790 26.600000
1.000000 0.000627 0.400000 0.028959 0.000000 0.090535 0.561219 0.427394 0.696787 0.000000 0.282443 0.755319 1.000000 0.117274 22.900000
1.000000 0.000823 0.600000 0.045088 0.000000 0.053498 0.578272 0.339856 0.871218 0.130435 0.427481 0.606383 0.934137 0.103753 24.100000
1.000000 0.000743 0.600000 0.045088 0.000000 0.053498 0.445104 0.160659 0.871218 0.130435 0.427481 0.606383 0.988476 0.167219 18.600000
1.000000 0.000121 0.900000 0.057185 0.000000 0.051440 0.606821 0.341916 1.000000 0.173913 0.000000 0.468085 0.968632 0.076435 30.100000
1.000000 0.000412 0.800000 0.053152 0.000000 0.057613 0.402759 0.195675 0.859888 0.130435 0.280534 1.000000 0.964446 0.174393 18.200000
1.000000 0.001127 0.800000 0.053152 0.000000 0.057613 0.455068 0.170958 0.859888 0.130435 0.280534 1.000000 0.947400 0.105960 20.600000
1.000000 0.100895 0.000000 0.646628 1.000000 0.792181 0.507952 0.973223 0.090262 1.000000 0.914122 0.808511 0.951662 0.437914 17.800000
1.000000 0.043199 0.000000 0.646628 1.000000 0.792181 0.543016 0.907312 0.125090 1.000000 0.914122 0.808511 0.985980 0.318433 21.700000
1.000000 0.058396 0.000000 0.646628 1.000000 0.792181 0.491665 0.829042 0.144868 1.000000 0.914122 0.808511 0.996293 0.269040 22.700000
1.000000 0.047825 0.000000 0.646628 0.000000 0.792181 0.488791 0.807415 0.125444 1.000000 0.914122 0.808511 0.984467 0.301876 22.600000
1.000000 0.050979 0.000000 0.646628 0.000000 0.792181 0.543591 0.876416 0.126272 1.000000 0.914122 0.808511 0.943668 0.167219 25.000000
1.000000 0.043054 0.000000 0.646628 0.000000 0.792181 0.515424 0.908342 0.106021 1.000000 0.914122 0.808511 0.883378 0.343819 19.900000
1.000000 0.041271 0.000000 0.646628 0.000000 0.792181 0.345085 0.960865 0.088570 1.000000 0.914122 0.808511 0.959378 0.233444 20.800000
1.000000 0.047388 0.000000 0.646628 1.000000 0.792181 0.429584 0.886715 0.070483 1.000000 0.914122 0.808511 0.889404 0.356236 16.800000
1.000000 0.038979 0.000000 0.646628 1.000000 0.685185 1.000000 0.823893 0.070483 1.000000 0.914122 0.808511 0.893212 0.098234 21.900000
1.000000 0.051136 0.000000 0.646628 0.000000 0.685185 0.000000 0.875386 0.043976 1.000000 0.914122 0.808511 0.893590 0.148731 27.500000
1.000000 0.041482 0.000000 0.646628 0.000000 0.685185 0.268634 0.911432 0.056625 1.000000 0.914122 0.808511 0.796081 0.338576 21.900000
1.000000 0.151915 0.000000 0.646628 0.000000 0.506173 0.057865 1.000000 0.034646 1.000000 0.914122 0.808511 0.330576 0.320088 23.100000
1.000000 0.054984 0.000000 0.646628 0.000000 0.506173 0.269975 1.000000 0.018451 1.000000 0.914122 0.808511 0.946089 0.042219 50.000000
1.000000 0.063658 0.000000 0.646628 1.000000 0.506173 0.598199 0.967044 0.020651 1.000000 0.914122 0.808511 0.945610 0.055188 50.000000
1.000000 0.073423 0.000000 0.646628 1.000000 0.506173 0.662004 0.974253 0.006620 1.000000 0.914122 0.808511 0.987770 0.033940 50.000000
1.000000 0.103698 0.000000 0.646628 0.000000 0.506173 0.508718 1.000000 0.003592 1.000000 0.914122 0.808511 0.922462 0.215232 50.000000
1.000000 0.092851 0.000000 0.646628 1.000000 0.582305 0.443380 0.892894 0.000000 1.000000 0.914122 0.808511 0.876393 0.197296 50.000000
1.000000 0.124781 0.000000 0.646628 0.000000 0.582305 0.257712 1.000000 0.004056 1.000000 0.914122 0.808511 1.000000 0.911700 13.800000
1.000000 0.207844 0.000000 0.646628 0.000000 0.582305 0.110558 1.000000 0.000673 1.000000 0.914122 0.808511 1.000000 1.000000 13.800000
1.000000 0.220331 0.000000 0.646628 0.000000 0.588477 0.718912 0.978373 0.016978 1.000000 0.914122 0.808511 1.000000 0.323124 15.000000
1.000000 0.171762 0.000000 0.646628 0.000000 0.588477 0.591684 0.930999 0.019578 1.000000 0.914122 0.808511 0.914570 0.593543 13.900000
1.000000 0.110343 0.000000 0.646628 0.000000 0.588477 0.619467 0.987642 0.020769 1.000000 0.914122 0.808511 1.000000 0.538355 13.300000
1.000000 0.265729 0.000000 0.646628 0.000000 0.588477 0.540142 0.960865 0.023325 1.000000 0.914122 0.808511 1.000000 0.605960 13.100000
1.000000 0.200746 0.000000 0.646628 0.000000 0.588477 0.510059 1.000000 0.023325 1.000000 0.914122 0.808511 0.992032 0.553256 10.200000
1.000000 1.000000 0.000000 0.646628 0.000000 0.588477 0.652807 0.916581 0.026089 1.000000 0.914122 0.808511 1.000000 0.427152 10.400000
1.000000 0.178353 0.000000 0.646628 0.000000 0.588477 0.571757 0.990731 0.035428 1.000000 0.914122 0.808511 1.000000 0.533940 10.900000
1.000000 0.103189 0.000000 0.646628 0.000000 0.648148 0.378425 1.000000 0.040993 1.000000 0.914122 0.808511 1.000000 0.603477 11.300000
1.000000 0.089763 0.000000 0.646628 0.000000 0.648148 0.375359 1.000000 0.036692 1.000000 0.914122 0.808511 1.000000 0.629967 12.300000
1.000000 0.225678 0.000000 0.646628 0.000000 0.648148 0.154627 0.909372 0.028181 1.000000 0.914122 0.808511 0.719930 0.797461 8.800000
1.000000 0.188890 0.000000 0.646628 0.000000 0.648148 0.328799 0.980433 0.026962 1.000000 0.914122 0.808511 1.000000 0.802428 7.200000
1.000000 0.274109 0.000000 0.646628 0.000000 0.648148 0.209044 1.000000 0.030700 1.000000 0.914122 0.808511 1.000000 0.732616 10.500000
1.000000 0.253915 0.000000 0.646628 0.000000 0.648148 0.275723 0.891864 0.035355 1.000000 0.914122 0.808511 1.000000 0.834989 7.400000
1.000000 0.161036 0.000000 0.646628 0.000000 0.648148 0.252730 1.000000 0.041821 1.000000 0.914122 0.808511 0.939533 0.797185 10.200000
1.000000 0.091553 0.000000 0.646628 0.000000 0.648148 0.350450 0.988671 0.054424 1.000000 0.914122 0.808511 1.000000 0.527594 11.500000
1.000000 0.078182 0.000000 0.646628 0.000000 0.648148 0.412340 0.969104 0.072466 1.000000 0.914122 0.808511 0.993772 0.424393 15.100000
1.000000 0.059422 0.000000 0.646628 0.000000 0.648148 0.477103 0.819773 0.094408 1.000000 0.914122 0.808511 0.953301 0.469923 23.200000
1.000000 0.130062 0.000000 0.646628 0.000000 0.648148 0.282621 0.969104 0.058235 1.000000 0.914122 0.808511 1.000000 0.660872 9.700000
1.000000 0.097094 0.000000 0.646628 0.000000 0.633745 0.504311 0.923790 0.060162 1.000000 0.914122 0.808511 1.000000 0.370861 13.800000
1.000000 0.150090 0.000000 0.646628 0.000000 0.633745 0.445679 0.945417 0.059335 1.000000 0.914122 0.808511 1.000000 0.403422 12.700000
1.000000 0.097903 0.000000 0.646628 0.000000 0.633745 0.557578 0.987642 0.054206 1.000000 0.914122 0.808511 0.987594 0.424669 13.100000
1.000000 0.065929 0.000000 0.646628 0.000000 0.633745 0.544932 0.958805 0.049759 1.000000 0.914122 0.808511 1.000000 0.486755 12.500000
1.000000 0.086161 0.000000 0.646628 0.000000 0.633745 0.418854 0.988671 0.045813 1.000000 0.914122 0.808511 0.990418 0.501932 8.500000
1.000000 0.430994 0.000000 0.646628 0.000000 0.633745 0.362522 1.000000 0.032736 1.000000 0.914122 0.808511 1.000000 0.796358 5.000000
1.000000 0.111389 0.000000 0.646628 0.000000 0.633745 0.438973 0.771370 0.033719 1.000000 0.914122 0.808511 0.851884 0.779249 6.300000
1.000000 0.281441 0.000000 0.646628 0.000000 0.633745 0.464840 1.000000 0.041757 1.000000 0.914122 0.808511 1.000000 0.690949 5.600000
1.000000 0.159940 0.000000 0.646628 0.000000 0.633745 0.533052 1.000000 0.040420 1.000000 0.914122 0.808511 1.000000 0.512969 7.200000
1.000000 0.107782 0.000000 0.646628 0.000000 0.633745 0.544740 1.000000 0.046322 1.000000 0.914122 0.808511 0.947577 0.512693 12.100000
1.000000 0.278694 0.000000 0.646628 0.000000 0.633745 0.342594 0.958805 0.052124 1.000000 0.914122 0.808511 1.000000 0.497792 8.300000
1.000000 0.466707 0.000000 0.646628 0.000000 0.633745 0.377467 0.849640 0.043449 1.000000 0.914122 0.808511 0.829946 0.707781 8.500000
